-0.036981
-0.214345
-0.781639
-0.333943
-0.287955
-0.271028
0.327185
-0.480286
0.104678
0.616628
-0.819528
0.444428
0.058711
0.781217
-0.715967
-0.810154
0.105882
-0.581989
-0.110641
0.326255
-0.642698
-0.404851
-0.527694
0.278919
0.572238
0.681155
0.145584
0.816186
0.228663
0.156973
0.694927
-0.705480
-0.207628
0.298585
0.037907
0.801197
0.370135
0.837263
0.265730
-0.469297
0.523423
-0.193892
-0.519362
0.241215
-0.129587
-0.206842
-0.812019
0.820404
-0.108495
0.303741
-0.135065
0.394920
-0.316116
0.332285
-0.435541
-0.829517
0.208854
0.288496
-0.608597
-0.805012
0.528124
0.778884
0.725305
-0.443256
0.382011
-0.144083
0.609543
0.159744
-0.843954
-0.589946
-0.195698
0.804345
0.594519
-0.268958
-0.684309
0.019464
-0.658509
0.352742
0.402931
-0.415094
-0.803934
0.230235
-0.220181
-0.760239
-0.229494
0.265760
0.003569
0.159721
0.562470
0.474029
-0.300861
-0.402521
-0.284230
0.112131
-0.705977
0.298106
-0.471499
-0.571622
-0.565743
-0.468385
0.431586
-0.679128
-0.328443
0.604224
-0.388762
-0.669507
0.666999
-0.279739
0.720523
-0.123953
0.431538
-0.677943
-0.668809
-0.149695
0.217078
-0.153544
0.642777
0.111247
-0.852032
0.044905
-0.438365
0.105013
-0.692847
-0.239594
-0.529736
0.358819
0.368496
0.461499
-0.387647
0.677150
-0.368783
-0.606549
-0.366595
0.215479
0.037418
-0.191001
-0.626962
0.219180
-0.820556
-0.088663
0.594784
-0.116488
0.631124
0.632360
0.142581
-0.006048
-0.469191
0.785579
-0.734695
-0.101024
0.823200
0.035298
-0.795859
0.727092
-0.625739
0.257261
0.277749
-0.848347
-0.195491
0.030299
0.765125
0.254093
-0.032565
0.404496
0.080470
0.676509
0.150477
-0.190806
0.247492
0.293273
0.826608
-0.018303
0.231230
-0.077651
-0.671622
-0.040326
-0.141252
0.491304
0.718572
-0.571461
-0.584287
0.738078
-0.345458
0.777547
0.411705
0.244411
-0.052296
-0.844717
0.076227
0.759497
-0.438387
0.357127
-0.032287
-0.750481
-0.447512
0.694488
-0.693456
-0.358320
0.296796
-0.456840
-0.383403
-0.675042
-0.322712
-0.634654
-0.756010
0.079319
-0.581083
-0.364333
-0.464534
0.625444
-0.011313
0.827847
0.569026
0.170200
-0.301098
-0.718647
0.425356
0.530221
0.856135
-0.023908
-0.176954
0.731866
-0.099508
0.122432
-0.641505
-0.099955
-0.688479
0.181655
-0.414992
0.393741
0.776504
0.445017
-0.345726
0.116280
0.441101
0.468985
-0.252118
0.114527
0.681185
-0.361911
0.519979
-0.239162
0.351850
-0.555316
-0.167806
-0.808855
0.362585
-0.687655
-0.641768
0.083845
0.421750
-0.119698
0.445268
0.313276
-0.359183
-0.792444
0.208238
0.083485
-0.742840
0.799164
-0.620990
-0.491382
-0.804610
-0.336489
0.525346
0.676790
-0.370390
0.519733
0.598316
-0.010260
-0.461900
0.735579
0.185779
-0.404413
0.469626
0.268494
0.750510
-0.335497
0.847886
-0.272080
-0.097797
0.475208
0.633021
-0.713454
0.565822
0.363011
-0.778362
-0.126681
-0.391535
-0.552003
-0.653258
0.680535
0.145079
-0.446137
0.238317
-0.603689
-0.421024
-0.374557
-0.615864
0.368383
-0.588713
0.577803
0.720979
0.195606
0.398505
0.466173
-0.311917
-0.158902
0.056696
-0.519338
-0.797928
0.456667
-0.642528
0.362330
-0.063235
-0.580886
-0.754372
-0.124145
0.302709
-0.488145
0.288800
-0.547011
-0.060842
-0.477782
0.005511
-0.807307
-0.207356
-0.378797
0.073484
0.159292
-0.756375
-0.449740
-0.134199
-0.237972
0.145952
0.293349
-0.517336
0.493900
-0.723574
-0.607562
0.133974
0.324906
-0.103741
0.038706
0.312898
0.212076
0.553308
0.195126
-0.749666
0.572527
0.112686
0.704363
0.289963
0.664856
0.348607
0.724280
-0.493828
-0.728888
0.813606
0.189392
0.490698
-0.579009
0.273169
-0.634381
-0.706342
-0.593916
0.658148
0.414405
0.178071
0.743615
-0.289711
-0.610308
-0.041126
0.713973
0.780043
-0.696157
-0.494799
0.076224
0.484630
0.452220
0.108920
0.705656
0.304595
-0.210231
0.384628
-0.722571
-0.815694
0.398295
-0.336041
0.431222
0.755638
0.144460
0.426201
0.360951
-0.809473
0.593313
-0.564479
0.006431
0.663805
-0.166600
0.084100
0.665940
-0.386339
0.339574
0.584955
-0.087517
0.160167
0.068058
0.797371
-0.587332
-0.125594
0.435752
0.375967
-0.681070
-0.837874
0.518598
0.031579
-0.520790
-0.638157
0.089236
0.738537
0.755359
-0.036103
0.812780
-0.423854
-0.246284
0.855570
0.356682
-0.581793
-0.499659
0.058790
-0.362803
0.126138
0.243440
0.106607
-0.228512
0.389929
0.851910
-0.543774
-0.317968
-0.564895
0.786422
0.647830
-0.362658
0.325018
-0.446843
-0.019831
-0.308363
0.333412
-0.184973
-0.012673
-0.158395
-0.384292
-0.785648
0.650700
0.317986
0.426841
0.649640
-0.267465
0.475112
-0.425545
-0.794416
0.487144
0.021258
0.649931
0.105882
0.187495
0.554294
0.139594
-0.847401
0.373448
0.291896
0.059701
-0.284830
-0.667619
-0.729918
-0.668190
0.543062
0.544669
-0.651211
-0.849691
-0.374654
-0.393322
0.040149
-0.139978
0.654243
-0.274763
-0.665902
-0.022414
0.617724
0.034319
-0.632183
0.644841
-0.030201
-0.320960
0.180702
-0.625796
-0.336983
0.229592
-0.836396
0.747203
-0.298179
-0.028936
0.797755
0.591569
0.826196
-0.288790
-0.175181
0.489764
0.019292
0.062781
-0.598259
-0.255868
0.554730
0.299227
0.663939
-0.631642
-0.490398
-0.698160
-0.296084
-0.625842
0.840626
0.223119
-0.409544
0.673421
0.321402
-0.661500
-0.334544
0.570720
0.447500
-0.641936
-0.187200
0.053383
-0.366405
-0.730677
0.693363
0.187143
-0.395134
0.592428
-0.573581
-0.328828
-0.489221
-0.448532
-0.464303
-0.499020
0.284379
0.211203
0.030894
0.536015
0.450380
-0.552787
-0.850005
-0.070854
-0.605048
-0.051188
0.113967
-0.333243
-0.152843
0.609314
-0.708768
0.324128
0.113262
-0.565647
0.086636
-0.011749
-0.426349
-0.608374
-0.253026
0.731307
0.691632
-0.414327
0.023497
-0.759465
-0.780323
0.842710
-0.203903
-0.534370
-0.580668
-0.519492
0.272248
0.401126
0.614511
-0.579187
-0.540012
0.215375
0.709491
-0.098745
-0.583320
-0.494086
0.817569
-0.005587
0.258848
0.244546
0.230562
0.272493
-0.598550
0.463527
0.336760
-0.843779
-0.541915
0.357540
0.520600
-0.296499
-0.634396
0.508971
-0.275772
-0.737542
0.325690
-0.029918
0.816454
0.519793
0.803113
0.089543
-0.335982
0.148181
-0.602154
-0.467337
-0.638868
-0.563275
-0.341025
-0.470473
-0.661714
0.471780
-0.710155
-0.197750
0.593395
-0.353063
-0.811047
0.613847
0.326132
-0.122822
-0.537556
-0.328258
0.153459
0.609540
0.079542
0.024034
0.402900
-0.558156
-0.510646
-0.353571
0.060885
0.440490
0.491385
0.411386
-0.160060
-0.073771
-0.794379
0.147010
-0.239840
0.475784
0.542901
0.262316
0.256641
0.452520
0.596765
0.489345
-0.780250
0.423619
0.631125
0.676927
-0.198653
0.525451
-0.287756
-0.184960
-0.799010
0.719858
-0.689653
0.822061
0.378980
0.774394
-0.796736
-0.257045
-0.816765
-0.054289
-0.208982
0.187551
-0.148495
-0.306938
0.358467
-0.694336
-0.262800
0.678592
-0.438743
0.827100
-0.592496
0.730969
0.301636
-0.589879
0.164646
0.349067
-0.764758
0.601063
0.846890
0.191743
-0.208714
-0.727231
0.220677
0.353478
0.391883
0.326377
0.416811
-0.353006
0.383515
-0.301884
-0.345964
0.792992
0.838153
0.306580
-0.727662
0.440167
-0.133799
-0.701484
-0.259812
-0.580627
-0.597842
-0.475355
-0.408203
-0.548032
0.576033
-0.285810
0.617186
-0.276909
0.582844
0.784516
0.260514
-0.583218
0.293289
-0.162019
-0.342807
0.608071
-0.370777
-0.579503
0.336751
-0.748353
0.659071
0.338714
-0.457952
0.251696
0.172148
0.388972
0.167635
-0.028319
-0.461086
-0.042586
0.796263
0.515980
0.109333
0.428284
-0.649933
-0.122929
-0.402969
0.699686
-0.011881
-0.113003
-0.324367
0.469206
0.377913
-0.274876
0.461413
0.768179
0.668554
-0.384286
-0.420402
-0.855432
-0.151613
0.260196
0.679264
-0.497414
-0.773680
0.178028
-0.094537
0.591614
-0.597097
-0.167901
0.386556
-0.470496
0.126197
-0.154128
-0.856270
0.545304
0.188950
0.159177
-0.620946
0.808176
-0.585126
0.161964
-0.333720
0.440938
0.612605
0.801325
0.181407
0.341782
0.537426
0.337073
0.707538
-0.087986
0.190674
-0.196312
-0.423643
-0.055858
0.817834
0.640755
-0.363994
-0.643553
-0.550050
-0.152387
-0.635125
-0.256159
-0.416234
-0.484974
-0.047054
0.277938
0.712113
-0.014730
-0.732818
0.076742
0.818507
0.383331
-0.622529
-0.842938
0.039092
-0.270282
-0.396131
-0.790474
-0.822906
0.611169
0.691152
0.015636
0.306795
-0.360467
-0.023294
0.842746
-0.511577
0.484317
-0.541695
0.176427
-0.231047
-0.357686
0.766123
0.783084
-0.144753
0.164833
0.250616
-0.205307
0.316317
-0.263214
-0.543710
-0.228486
0.514157
-0.419783
0.018704
0.170130
0.264423
0.512109
-0.347370
-0.042521
0.340032
0.391214
-0.240647
0.307452
0.353798
0.284537
0.176065
0.190038
-0.571626
0.592871
0.832389
0.073689
-0.394396
0.130688
-0.069388
0.222712
0.390526
0.562791
0.283272
0.658701
0.634202
0.188782
-0.453526
0.314830
-0.186139
0.221503
-0.459897
0.625438
-0.078189
0.352661
0.079285
0.851046
0.205886
0.376685
0.341961
0.289896
-0.006536
0.491240
-0.188558
-0.600214
0.550295
-0.158617
-0.523074
-0.211809
-0.582324
-0.088943
0.500025
-0.804772
-0.814808
0.101550
0.477947
-0.168084
0.762596
-0.101755
0.366569
0.547693
0.429788
-0.479934
0.667700
-0.351954
-0.475462
0.501645
-0.027312
-0.657353
0.252564
-0.776374
-0.498441
0.783632
-0.644831
-0.767478
0.625697
-0.439685
0.452255
0.128285
-0.748686
-0.590350
0.324324
0.068355
-0.828590
0.760699
-0.816391
-0.244407
0.118504
-0.302653
0.651006
0.417822
0.199646
0.133200
-0.721563
0.850046
-0.301750
0.124141
0.126652
0.203054
-0.441965
-0.434513
-0.238367
0.787904
-0.624996
0.251208
-0.594544
0.837293
0.420900
-0.711406
-0.064097
-0.573074
0.371945
0.394918
0.621987
0.787223
-0.422799
-0.726093
-0.481480
0.247203
-0.570737
0.723348
0.302120
0.436796
-0.525973
-0.682759
0.641424
0.552188
-0.359763
-0.208016
-0.659417
-0.623548
0.139318
0.559309
-0.241274
0.271388
0.408635
-0.545173
0.689433
0.783667
0.354124
-0.118232
-0.733309
-0.444436
0.363817
0.121488
-0.588636
0.046430
-0.342939
0.740276
-0.458965
-0.302742
0.514034
-0.128033
-0.680304
-0.325672
-0.020139
-0.449232
-0.586876
-0.568285
0.577532
0.580419
-0.382520
0.524521
0.652608
-0.413136
0.224673
0.385926
-0.658354
-0.343032
0.575419
0.321596
0.028668
0.100165
0.181308
0.230393
-0.555529
-0.613000
0.193018
-0.402520
-0.428184
0.048440
0.749192
0.775102
0.761865
0.380859
-0.838966
0.584076
-0.373549
-0.128627
0.092877
0.561819
0.204440
0.023585
0.353490
0.763723
-0.125634
0.643465
0.426069
0.749813
0.051901
-0.566772
0.250262
-0.068651
-0.416511
0.640887
0.076243
0.373677
0.502416
0.246636
0.711208
-0.787867
-0.384173
-0.354634
-0.268460
-0.107061
-0.792871
-0.690726
0.398154
-0.034155
0.496783
0.244604
-0.282759
0.665688
0.114296
0.334094
0.561492
0.345312
-0.179958
0.090941
-0.625964
-0.417325
-0.323896
0.814274
-0.497008
-0.306815
-0.241093
-0.587038
0.542846
-0.465026
-0.143357
-0.546357
0.030083
0.673767
0.555345
-0.333911
-0.746138
0.662522
-0.145014
0.746448
-0.561839
-0.782899
-0.495662
-0.675410
0.435365
-0.381309
-0.096332
-0.779246
0.325575
-0.133016
-0.079655
-0.004029
-0.586141
0.285539
0.128239
0.783319
0.137037
-0.308325
-0.204117
-0.783127
-0.609747
-0.708121
0.213162
0.273358
0.549549
0.182308
0.773692
0.172548
0.193082
-0.181380
-0.380963
0.735089
0.231966
0.048404
-0.443759
-0.635454
0.452507
0.382062
0.836621
0.330710
-0.357273
0.206178
0.695804
-0.544051
0.448424
-0.493812
-0.136552
-0.827851
0.090587
-0.253422
-0.567884
0.003098
-0.004450
-0.486955
0.164379
0.261087
-0.153005
0.162707
0.617354
-0.612637
0.660431
0.606507
-0.338245
-0.176764
-0.708656
-0.780112
-0.607414
0.185234
0.629405
-0.548518
-0.843889
0.749754
-0.002387
0.082321
0.362626
0.578356
-0.478879
-0.020885
0.231589
-0.074124
-0.294629
-0.347300
0.239396
-0.107773
-0.736112
0.490588
-0.049338
0.272822
-0.232443
0.538414
-0.638936
-0.213201
-0.814967
0.339084
0.096745
-0.352800
0.363053
0.039538
-0.800711
0.327411
0.187734
-0.570865
-0.457247
-0.249662
0.022078
-0.221162
-0.092374
-0.008644
0.489002
0.142837
-0.154789
-0.207591
0.114715
0.315382
-0.146241
0.377041
-0.103361
-0.322037
0.405134
0.424602
-0.734263
-0.636828
0.625340
-0.288142
-0.853059
-0.543922
0.627362
0.018460
-0.729406
-0.434355
-0.695430
0.338826
-0.481407
0.687716
-0.159030
-0.535610
-0.543882
-0.292101
-0.618807
-0.152488
-0.526943
0.244138
0.170890
-0.526058
0.051636
-0.325120
0.383868
-0.247024
0.130831
0.606812
0.034431
-0.452515
0.323198
0.722092
0.448868
0.573991
-0.551656
-0.745353
0.443424
0.729081
-0.761540
0.766586
-0.205445
0.572369
0.394662
-0.075952
-0.186730
-0.815117
0.186119
0.076304
-0.197001
-0.012751
-0.147554
0.328018
-0.039143
-0.724200
0.658147
-0.318817
-0.401149
-0.598044
0.533390
0.125801
-0.461568
-0.293738
0.651276
-0.103161
0.621930
-0.489907
-0.145134
-0.440209
0.064227
-0.247397
-0.045948
0.214732
0.459584
0.093894
-0.199867
-0.314428
0.265762
-0.581290
-0.143678
-0.059456
-0.010507
-0.006004
0.095806
-0.341866
-0.770266
0.589663
0.021997
0.616242
0.030628
-0.309420
0.674971
-0.161656
0.534706
0.648338
0.029373
-0.135358
-0.344753
0.165188
0.325464
0.698953
0.608359
0.543309
0.328784
-0.840182
-0.304892
0.174126
0.015274
-0.594135
0.613491
-0.091794
0.380044
0.191389
0.219751
0.201093
-0.056856
-0.360885
-0.815859
0.820917
0.188401
0.040045
0.785865
0.079317
0.335392
0.081164
0.005908
0.686680
-0.266191
0.385434
0.053392
0.220633
-0.003861
-0.408405
0.025183
-0.635102
0.419274
0.244873
0.806472
-0.510369
-0.636629
-0.079900
-0.688370
0.355926
-0.809006
0.700805
-0.044133
-0.638719
0.834511
0.088054
-0.662192
-0.178149
0.276877
-0.151771
0.288085
0.146648
0.185951
0.476019
0.675303
-0.682053
-0.116962
-0.518115
0.125940
0.485779
-0.827639
-0.230542
-0.616984
0.790953
-0.083907
0.354239
0.328767
0.453376
-0.027025
-0.377792
0.608110
0.364344
0.609606
0.212965
0.609391
0.622187
0.643633
-0.580366
0.606762
0.321520
0.582110
0.569498
0.489187
0.525812
-0.425910
0.601736
0.266728
0.594157
-0.762961
-0.791859
-0.597454
-0.734696
0.086228
-0.420488
0.598964
0.079545
-0.307642
-0.605301
0.459291
-0.312291
-0.232922
0.016150
-0.094513
0.824636
0.607284
0.262771
0.532613
0.011484
0.655513
-0.003067
-0.212069
-0.560011
0.747867
0.688720
-0.283833
0.199064
-0.465429
0.496128
0.641950
0.137706
0.335675
-0.398886
0.101095
0.677160
0.547150
0.002667
0.130442
0.323881
-0.190127
-0.297989
0.270902
0.522527
0.265483
-0.015254
0.597780
-0.137445
0.172472
0.081511
-0.402369
0.617533
-0.629196
0.780492
0.176057
-0.296439
-0.633043
0.728588
-0.233860
0.282128
0.646874
0.500876
-0.460033
-0.089303
-0.772095
-0.514611
-0.629098
-0.210482
0.134847
-0.009787
0.778938
-0.381865
0.047215
-0.661714
-0.098099
0.168445
0.105074
0.820474
-0.152726
0.571089
0.708424
-0.440474
-0.710014
-0.400093
0.329298
-0.837219
0.788711
0.839672
-0.498906
-0.344825
-0.426659
-0.671362
-0.654750
0.158827
0.403976
0.472117
-0.572624
-0.254421
-0.606825
-0.605157
0.438230
-0.279595
-0.575841
0.184826
-0.497837
0.181334
0.367602
-0.131606
0.223057
0.405999
0.338726
0.363560
-0.622679
0.580371
-0.208827
-0.853455
0.073229
-0.054254
0.275041
0.298534
-0.411628
-0.021315
-0.168066
0.248384
-0.815312
-0.344757
0.068310
-0.197252
-0.511059
-0.232612
0.415559
-0.664611
-0.678482
-0.094694
0.244082
0.366762
-0.510672
-0.486148
0.286370
0.308602
-0.327499
-0.264280
-0.667416
-0.213709
0.554360
0.606376
0.750691
0.744870
0.637156
-0.516579
0.513128
0.417958
0.552801
0.278970
-0.530185
0.084807
-0.631352
0.502285
0.217139
-0.097950
0.423021
0.385709
-0.544836
-0.142577
-0.098054
-0.034675
0.390307
-0.669668
0.373853
-0.256393
0.104040
-0.310328
0.092035
-0.002406
-0.438841
0.244695
-0.644588
-0.468868
0.632069
-0.100570
-0.185591
-0.621380
-0.410377
0.542040
-0.663139
-0.216851
-0.832915
0.316931
0.087761
-0.694193
-0.609863
0.197877
-0.434469
-0.008320
-0.454324
-0.046926
-0.677930
-0.403431
-0.269112
-0.560561
-0.088153
0.455444
-0.646034
-0.800120
-0.156884
-0.185286
-0.780210
-0.632066
-0.473293
0.853459
-0.138633
-0.473557
0.663227
-0.320839
-0.590972
0.388674
0.458366
0.377730
-0.805691
0.361928
-0.509021
0.513524
-0.813777
0.557648
0.708946
0.333949
-0.254375
0.220334
0.295309
-0.675168
0.161135
0.792308
0.794206
0.207047
0.597595
-0.288108
0.418640
0.144660
0.217942
0.834156
-0.535254
0.042236
0.721209
0.593593
0.330439
-0.558180
-0.375293
-0.564707
0.607160
0.168435
0.551235
0.747952
0.387829
0.148780
-0.053615
0.356757
-0.031493
-0.760327
0.661721
0.104121
0.754175
0.404609
0.566293
0.703256
0.219892
0.766302
-0.333236
0.348849
-0.094334
0.285256
-0.427251
-0.754515
0.478636
-0.644691
0.558539
-0.465015
-0.299870
-0.644969
0.671435
0.301808
0.114235
0.390985
-0.144246
-0.359572
0.067902
0.119106
0.742025
0.686961
-0.682662
0.300502
-0.046419
-0.052980
0.766836
0.767717
0.277141
0.482730
0.427179
0.102136
-0.264171
-0.454505
-0.361012
0.326207
0.555835
-0.785607
-0.122302
0.428598
0.408351
-0.673786
0.522492
-0.257796
0.158251
-0.310153
0.457044
-0.194981
-0.242798
-0.477588
0.411037
0.232509
-0.633014
0.124875
-0.091888
-0.058547
0.841248
0.650827
-0.216713
0.416600
0.406614
-0.044701
-0.205870
0.057731
0.368920
-0.475255
0.808211
-0.488165
-0.220604
0.385334
0.583793
-0.058433
0.345285
0.446246
-0.068633
0.645098
-0.178502
0.675140
0.130224
-0.181686
0.077372
0.800308
0.085289
0.654838
-0.311954
0.702357
-0.284802
0.405961
-0.017212
0.397374
0.081423
-0.585110
-0.364295
-0.305167
-0.557227
0.073335
0.507114
0.053873
0.369420
0.716940
-0.134280
-0.217260
-0.282449
0.254423
-0.284446
0.673923
-0.401263
-0.377911
0.311082
0.291712
0.176840
0.202916
0.224344
0.671526
-0.660803
-0.699633
0.277245
0.118570
0.630570
0.347478
-0.498131
0.386490
0.699383
-0.607399
0.213461
-0.534265
-0.159734
-0.182885
0.845124
-0.006975
0.020799
0.654944
-0.747083
-0.290766
-0.127798
0.221804
-0.677968
-0.097514
0.018707
-0.591794
0.659168
-0.024557
0.572252
0.349563
-0.833784
-0.600466
0.520639
-0.744119
-0.664565
-0.024741
-0.468632
-0.615653
0.046625
0.365333
0.723376
-0.438302
-0.752223
-0.229667
-0.073664
-0.783459
-0.090312
0.815491
-0.187705
0.661318
0.151981
-0.316572
-0.806441
-0.423451
0.499416
-0.158828
-0.038723
0.529300
0.150699
0.191138
-0.114028
-0.003021
-0.551411
0.436801
0.584692
0.490076
-0.016005
0.249050
0.648067
-0.419955
0.378733
-0.226203
0.229814
-0.691676
0.420079
-0.731340
0.655871
0.230613
0.019989
-0.640750
-0.100259
0.207825
-0.296638
0.746598
-0.225368
-0.200541
0.741818
0.700748
-0.337014
-0.294160
-0.674526
0.375224
-0.118790
-0.834370
0.762617
0.313024
0.330282
0.681072
-0.079748
0.637972
-0.088681
0.059912
-0.669141
-0.229635
0.241553
-0.847134
-0.561535
-0.778107
-0.630060
0.015499
-0.160592
-0.175768
0.140497
-0.099914
-0.012304
0.676821
0.300361
0.402313
-0.645518
0.715567
-0.739968
-0.182268
0.134132
0.261382
-0.554780
-0.579884
-0.351113
0.278098
0.120187
0.776597
0.837550
0.251203
-0.247574
-0.777180
-0.856147
0.583882
-0.143492
-0.339256
0.009287
-0.312043
-0.544614
0.361945
0.431689
-0.622206
-0.200349
0.291021
0.404822
0.167983
0.268777
0.833096
0.232891
0.804727
-0.328592
0.109461
-0.281510
0.115881
-0.068927
0.183742
-0.812179
0.836473
0.785516
-0.278821
0.356210
-0.768682
0.193966
-0.287398
-0.669710
0.286696
-0.734776
-0.579917
-0.652342
0.557034
-0.269760
0.788068
0.773590
0.407082
0.517747
-0.285175
-0.078442
0.249502
0.755286
0.520898
0.229480
0.051683
0.088204
-0.764434
-0.310137
-0.009772
0.546423
0.129317
-0.605672
0.636242
0.826667
0.237316
0.192520
0.498468
-0.287308
-0.216081
-0.586535
-0.444972
-0.276368
0.374997
0.818635
0.181305
-0.490219
0.005804
-0.096647
-0.178085
-0.707562
-0.349711
0.499433
0.587485
0.616264
0.036882
-0.048009
-0.532864
-0.567352
0.361736
-0.633838
0.774707
-0.164323
0.360028
0.329469
-0.064992
0.128206
-0.696071
-0.418966
-0.757443
-0.421141
0.748219
-0.050930
0.401396
0.401851
-0.597508
0.532161
-0.020472
0.415523
-0.807190
0.134184
-0.008767
0.613207
-0.372820
-0.149105
-0.126085
-0.715499
0.139462
0.683424
-0.680592
-0.692456
0.737729
-0.706107
-0.852552
0.684935
-0.162460
0.697812
0.555808
0.692956
-0.388939
0.369960
-0.340644
-0.023615
-0.061695
-0.787043
-0.012156
-0.499104
-0.197494
-0.010577
0.351231
-0.166787
0.524024
0.841929
-0.249737
0.848411
-0.055271
-0.027819
-0.758096
0.677483
-0.810660
0.617070
0.305056
0.117271
0.604516
0.366252
0.773505
0.254839
-0.300548
0.797417
-0.597176
0.379528
0.786506
0.697431
-0.008551
0.090262
0.228822
0.095927
-0.228862
0.183245
0.175782
0.377001
0.417921
0.622450
-0.225810
0.698047
-0.344246
0.734226
-0.066870
0.365218
0.361716
-0.764684
-0.288026
-0.311473
0.289642
-0.310209
0.660197
-0.568388
0.021351
0.419899
0.131146
0.177389
0.412844
-0.503200
-0.125893
0.592774
-0.431663
-0.548437
-0.780738
-0.086829
0.379722
-0.359617
-0.855537
-0.333866
-0.491546
0.600620
0.549804
0.644219
-0.540304
0.188756
-0.356503
0.035711
-0.796810
-0.431340
-0.302758
-0.606238
-0.105963
0.444786
-0.171479
-0.602849
-0.124645
0.338124
-0.072349
0.496033
-0.816871
-0.082023
0.000309
0.533997
-0.069275
-0.798168
-0.401636
-0.003622
0.191571
-0.414286
-0.329677
0.469821
-0.642411
-0.055526
-0.539925
0.065216
-0.286954
0.387322
0.548414
0.070793
0.592185
-0.854388
0.393245
-0.606011
-0.755695
0.572890
-0.046223
0.735199
-0.443523
0.748386
0.025538
0.236558
-0.551338
-0.457644
0.522720
-0.307765
-0.757796
-0.514365
-0.777254
-0.264064
-0.488931
-0.761276
0.200698
-0.427097
-0.710258
0.011394
-0.471688
-0.271928
-0.404746
0.058810
-0.080782
-0.078193
0.439346
-0.768120
0.415115
0.464051
-0.268393
-0.557659
0.649087
-0.454259
-0.059404
-0.290621
0.505832
-0.256740
0.626560
-0.080564
0.763677
-0.264073
-0.842058
0.696601
-0.561322
0.222404
-0.793828
0.446189
-0.370343
-0.271644
0.026609
-0.372407
-0.540245
0.290905
-0.165694
0.201684
0.659747
0.229906
0.261818
-0.537365
-0.240413
-0.172019
-0.251424
0.689133
-0.377522
0.020831
0.292221
-0.200455
0.546539
0.155450
-0.769204
-0.550261
0.251582
-0.700100
0.040894
0.653268
-0.164424
-0.677337
0.170148
0.541442
0.720792
0.327812
-0.577593
0.425206
0.360714
0.275973
-0.275673
-0.414945
0.445655
0.149957
-0.677552
-0.196449
-0.327100
-0.818042
-0.354826
0.023867
0.790149
0.610928
-0.122641
0.342987
0.397291
0.831509
0.081379
-0.035722
0.830144
-0.756963
0.559890
-0.328587
0.849000
-0.489801
0.398458
-0.523604
-0.277227
-0.499946
-0.138848
-0.357448
-0.774777
0.367342
0.641282
0.004310
-0.191929
-0.234949
0.505230
0.260127
0.717405
-0.679142
-0.460544
0.457984
-0.781016
-0.594057
-0.130079
-0.081933
-0.160127
-0.781530
-0.638111
0.620630
-0.575237
0.533087
-0.051012
-0.686154
-0.678375
0.342050
-0.575273
-0.258938
0.446346
-0.252931
-0.212823
0.035002
-0.274234
-0.157759
-0.253930
-0.164160
-0.098533
-0.134045
-0.247333
-0.089741
0.805754
-0.168285
-0.498908
-0.061079
-0.781724
-0.708355
0.745760
-0.372885
-0.500698
0.233775
-0.091628
-0.536574
-0.812954
-0.314854
-0.707369
0.414269
0.520919
-0.403582
0.816985
-0.354469
-0.227006
-0.746629
-0.796133
-0.302119
-0.033971
0.541318
0.827278
-0.708402
0.511024
-0.053375
0.356644
0.057917
0.766030
-0.388517
-0.349049
0.291364
0.270813
0.411121
-0.119135
-0.588018
0.784927
-0.677663
-0.293805
-0.520856
-0.290867
-0.769567
0.410557
0.547987
-0.184149
0.289638
-0.299509
-0.745040
-0.584739
-0.162398
-0.011524
0.168538
-0.277899
0.220340
0.131197
-0.678460
0.292794
0.475497
0.118645
-0.450855
0.120821
0.482684
0.652940
-0.453768
0.020074
-0.605180
-0.077053
0.807668
0.357239
0.283132
0.217313
-0.421320
-0.664529
-0.049048
0.570927
0.384976
-0.641307
0.501360
0.586530
-0.428220
-0.496064
0.131873
-0.036446
0.192598
0.647954
0.054323
-0.174436
-0.355623
-0.812581
-0.492301
-0.771271
-0.796144
0.459001
0.304774
0.128773
-0.333884
-0.123936
-0.345622
0.279773
0.250942
0.739180
0.456687
-0.239006
-0.343247
-0.334989
-0.166464
0.449587
0.824078
0.693147
-0.424426
-0.806934
-0.580601
0.414678
-0.076043
-0.211131
0.226915
-0.295762
0.010604
0.657281
0.169990
0.822507
-0.474139
-0.073299
-0.333818
-0.647185
-0.093464
-0.783188
-0.613657
0.019393
-0.483572
0.280952
0.522717
0.003419
0.425010
-0.791623
-0.556031
0.658510
-0.352947
0.219731
0.072646
-0.134657
-0.550975
-0.517630
-0.284917
-0.770188
0.675479
-0.772073
0.569455
-0.515767
0.232239
-0.091429
0.093691
-0.726839
0.189035
-0.856267
-0.567516
-0.811744
-0.766268
-0.037337
-0.026035
-0.554643
0.471423
0.694180
0.169113
0.463348
0.548031
0.732139
0.036106
-0.264207
0.454123
0.063618
-0.310570
-0.379263
-0.064660
0.604779
0.594807
-0.810124
-0.775786
-0.237660
-0.702718
-0.448042
0.791955
-0.451053
-0.652100
0.235065
-0.259656
0.504125
-0.208065
0.690500
0.570619
-0.415842
0.203123
-0.079545
-0.512437
-0.367442
-0.600589
-0.857446
0.354165
-0.056298
0.806091
-0.089399
0.604295
0.176628
0.638067
-0.852862
-0.126487
-0.714235
-0.001568
-0.574703
0.777147
0.838994
-0.791862
-0.092534
-0.082520
0.315862
0.179241
-0.508053
-0.370126
-0.137271
-0.460239
-0.752539
0.452310
-0.716258
0.835686
-0.201531
0.398929
-0.450644
-0.852347
-0.010435
0.304966
-0.069460
-0.601546
0.230438
0.238254
-0.069710
0.561506
0.561993
-0.648372
-0.076622
0.803209
0.180768
0.676306
0.268832
0.451531
-0.072865
-0.463056
0.786661
0.770120
0.636865
0.318920
0.850383
0.267079
-0.261143
0.032707
0.248448
0.055488
-0.101687
-0.559022
0.640555
0.841546
-0.211654
0.539280
-0.196003
-0.149415
0.364065
-0.631787
0.733513
-0.656110
0.706384
-0.419979
-0.337272
-0.324647
0.425639
-0.036720
-0.561827
0.750405
0.185241
-0.060324
-0.336658
0.823082
0.077722
-0.072912
0.303757
0.841319
-0.721064
0.001853
-0.295063
-0.851700
-0.095675
0.466701
-0.623220
0.480145
-0.306191
0.560407
0.557714
-0.626577
-0.364645
0.166372
0.307324
-0.680873
-0.608796
0.377665
-0.219150
0.422176
-0.721869
0.074243
0.215183
-0.248954
-0.079510
-0.763615
0.472550
-0.828604
0.075107
-0.462866
0.854704
0.562355
-0.061612
-0.524086
0.336586
0.853994
-0.232162
0.796535
-0.056242
-0.344779
-0.068122
-0.650114
-0.219320
-0.491731
0.486868
0.229120
0.185838
0.807964
0.583367
0.348529
-0.054860
0.486101
0.180697
0.498784
0.557468
0.281834
-0.238755
0.682717
0.179498
-0.570688
-0.670976
0.394381
-0.838848
0.065762
-0.690673
0.121277
-0.146005
0.691643
0.214439
0.673967
-0.628434
0.639552
0.023400
-0.244023
0.206882
0.522459
0.307137
-0.327289
-0.389596
0.164729
0.330701
-0.546897
0.232544
-0.181162
0.773042
0.484932
0.738454
-0.290946
-0.461922
-0.006200
-0.211154
0.852186
-0.391773
-0.460129
-0.727051
0.700214
-0.660535
-0.825860
0.549045
-0.238081
-0.317229
0.452703
-0.111423
-0.640993
-0.515559
-0.564867
0.006511
0.556713
0.017416
0.745912
-0.373990
-0.464393
-0.809868
-0.080325
0.502486
0.351309
0.743931
-0.148705
-0.199508
0.096270
0.671942
0.055980
0.712426
0.783450
0.002090
0.063634
-0.352408
-0.384312
-0.204319
-0.385215
0.742204
0.516271
-0.222302
-0.112420
0.356797
0.619254
0.333243
0.038427
0.370059
-0.352494
-0.161564
-0.663077
-0.751735
0.593296
-0.686672
0.626711
-0.509005
-0.562577
0.609265
-0.652531
0.763646
0.151954
-0.627297
-0.609219
0.633741
0.272770
0.245806
-0.145684
0.389796
-0.430449
0.283439
0.134721
-0.214672
-0.236040
-0.352379
-0.397648
0.288048
0.350662
0.167009
0.850414
-0.331193
0.357326
0.440243
0.577166
0.225232
-0.256653
0.578422
-0.728940
0.641944
-0.301216
-0.286487
-0.787760
-0.474832
0.228491
0.066017
-0.058390
0.155032
0.110176
-0.643849
-0.018426
-0.700585
0.823696
0.519480
0.584299
-0.837680
-0.548759
0.221723
0.835505
0.771824
-0.015029
0.412364
-0.390468
0.798326
0.597675
-0.235792
0.832765
-0.381133
-0.054812
0.596495
-0.183403
0.197856
-0.598049
0.809396
0.743238
0.009285
0.142081
0.188490
-0.114327
0.098946
0.695125
0.134361
0.420441
0.793098
-0.607279
-0.355114
0.309360
0.216312
0.260643
0.836893
-0.039559
-0.257305
-0.038502
0.728615
0.269745
0.282764
-0.265472
0.557932
-0.250561
0.491618
0.702332
-0.162572
0.061849
0.130208
-0.623545
0.755661
-0.276962
0.328004
0.084137
-0.511242
0.202583
-0.688414
-0.177355
0.505021
0.194254
0.756882
-0.244537
-0.075805
0.372583
0.253626
0.256288
-0.580125
-0.164946
-0.218635
0.479097
0.434183
0.345714
-0.265775
-0.203582
-0.230562
0.059676
0.503222
0.120795
0.577495
-0.026114
0.337752
0.655040
0.371040
0.535174
-0.720826
-0.551150
0.394358
-0.350254
0.022020
-0.197698
-0.178117
0.194689
0.267760
0.671528
-0.327065
-0.020655
0.501003
0.576594
-0.193763
-0.665780
0.205000
0.697603
-0.255259
-0.035319
-0.268346
-0.827211
0.840515
-0.368489
0.346584
-0.562748
0.342278
-0.501484
0.807904
0.561068
0.494880
0.357229
0.775711
0.391638
0.322093
0.375436
0.431494
0.411502
-0.109997
-0.707855
0.729402
-0.478741
0.130710
0.477817
-0.161069
-0.606560
0.623326
-0.565134
0.096191
-0.688421
-0.431738
0.512449
0.772383
0.459645
-0.006360
0.507163
-0.087379
0.112740
0.058726
0.020867
0.250380
-0.568477
0.168010
-0.593181
-0.263021
0.065307
-0.132609
-0.069062
0.714219
0.182227
-0.377829
0.410938
-0.791245
0.686941
-0.742589
0.710999
-0.586378
-0.456528
-0.365566
0.197072
0.241255
-0.642941
-0.352384
-0.624678
0.408045
0.739946
-0.321937
-0.445996
-0.741888
0.180672
-0.153936
0.731433
-0.787124
-0.176788
-0.780038
0.426668
-0.752627
-0.524536
-0.096622
0.622595
0.326801
0.359460
-0.110475
0.045891
0.287043
-0.215552
0.177190
0.095823
-0.393418
-0.378520
0.030558
0.131561
-0.363821
0.027236
0.772935
0.560857
0.606569
0.377638
-0.681412
-0.441619
-0.553406
-0.119107
-0.760005
0.641765
0.288844
-0.027101
0.668306
0.465081
-0.376554
0.660690
0.542311
0.640487
0.238588
0.203940
0.378414
0.288142
-0.700820
-0.413919
0.632401
0.150412
-0.373320
0.417426
-0.817438
-0.179330
0.441585
0.833380
-0.129899
-0.075795
-0.857472
-0.161914
0.560303
0.358319
0.789082
-0.176217
-0.572961
0.347656
0.656172
-0.593430
-0.051309
-0.481033
0.855476
-0.616365
0.134612
-0.061463
-0.646847
-0.139709
0.562473
-0.600514
-0.579110
0.759924
-0.755899
-0.439341
-0.429154
-0.326554
0.650610
0.071682
0.287029
0.099722
0.696124
0.612356
0.221151
0.507127
-0.205347
-0.044382
-0.016699
0.324450
0.000954
-0.057190
-0.648115
-0.429844
-0.800157
-0.797471
-0.348855
0.562663
0.157255
0.669003
0.302514
0.509533
-0.508025
0.575780
0.689066
0.776056
-0.419771
0.115376
0.529617
0.511047
-0.415078
-0.237601
-0.206095
0.712395
-0.310140
-0.582259
0.057663
-0.180075
-0.303463
-0.533280
0.201676
0.564045
-0.368036
-0.367490
-0.256344
0.240831
-0.453208
-0.510764
-0.717259
-0.131337
0.253760
0.451242
-0.192144
0.032910
0.608286
-0.252743
-0.769767
-0.313787
-0.236168
-0.469554
-0.310899
-0.513822
-0.604132
-0.096783
-0.681590
0.800075
-0.141316
0.633022
-0.471713
-0.070337
-0.628337
0.623242
-0.686942
0.031073
-0.764124
-0.118875
0.545197
-0.466800
-0.050339
-0.314212
-0.194692
0.426398
-0.010990
-0.572695
-0.266334
0.167835
0.436764
0.187060
0.650020
0.402380
0.207793
-0.811775
0.641516
-0.304313
-0.516445
-0.659263
0.476918
-0.160076
-0.466012
0.001553
-0.679447
0.825197
0.247723
0.493853
-0.294326
0.011949
0.528050
0.133384
0.196582
-0.437125
0.374121
0.469112
0.537142
0.044051
-0.123875
0.332892
0.167754
0.558356
0.807029
0.283715
-0.097090
-0.226711
0.341916
-0.077570
0.629606
-0.286456
0.413798
-0.272852
0.167298
-0.030241
0.714498
-0.301917
0.741787
-0.158344
0.185713
0.023110
0.001283
0.166568
0.096986
0.458632
-0.129614
-0.451489
0.138807
-0.834719
-0.794697
-0.576243
0.117065
0.161534
-0.277102
0.805502
-0.164034
-0.772738
-0.230525
-0.415021
0.158773
0.483134
0.021178
-0.391313
-0.658056
0.017643
0.505259
-0.667427
0.053350
-0.617831
-0.555558
0.184343
-0.782625
-0.208656
0.357240
0.154459
0.482327
0.721731
-0.297306
-0.008924
0.510211
0.381659
0.308059
-0.478751
-0.001387
0.197404
-0.504743
-0.043966
-0.183549
-0.033037
-0.206209
-0.708220
0.741793
0.512161
0.288079
0.218509
0.364174
0.232313
0.839697
-0.350791
-0.345610
-0.855751
-0.012083
-0.374432
-0.593838
-0.690831
0.289593
0.536238
-0.497989
0.712778
0.334634
-0.612066
-0.297216
0.742135
0.380149
-0.549657
-0.792545
-0.709715
0.165189
-0.062982
0.763210
0.074080
0.457718
0.320049
0.518756
-0.668597
0.240386
0.392880
-0.109073
-0.010010
-0.459783
0.046480
0.239717
-0.141210
0.103752
-0.802480
-0.557386
-0.426104
0.549452
0.800635
0.236450
0.597931
0.100303
0.175680
-0.214232
-0.063999
0.511674
0.192787
-0.202696
0.146864
0.134752
0.509569
0.436782
-0.558535
-0.423326
-0.665043
-0.448497
-0.668096
-0.132041
-0.410607
0.203266
0.846679
0.339733
0.242314
-0.658781
0.693832
0.279396
0.331724
0.539641
0.461470
-0.029514
-0.262463
-0.529018
-0.298095
-0.651650
-0.400531
0.150175
-0.358171
0.366058
0.729990
-0.422500
-0.244780
-0.501376
0.754739
0.116294
0.665209
0.206084
0.367446
0.508488
-0.345957
-0.857605
0.398415
-0.739612
0.408116
-0.768780
0.817116
0.538609
0.700158
0.561492
-0.277001
-0.172410
-0.646234
-0.348641
-0.057295
0.387763
-0.149409
0.345497
0.609554
0.546090
-0.168257
-0.498046
0.488954
-0.098243
-0.771717
-0.623188
0.117970
0.249675
-0.432021
-0.068742
0.657350
-0.208783
-0.314760
-0.459860
-0.673464
0.521435
0.199127
0.577176
-0.512198
0.443529
0.386738
0.498759
-0.331424
0.372338
0.365458
-0.760908
-0.139310
-0.067583
0.118105
-0.280711
0.245035
0.474034
-0.441525
0.781094
0.565598
-0.326675
-0.527607
-0.301989
0.821966
-0.330159
-0.255506
0.733356
0.462988
0.173907
0.595098
0.181657
0.433212
-0.461432
0.527704
-0.501997
-0.174408
-0.287961
0.668266
-0.507411
0.471540
0.349995
0.060598
-0.072207
-0.012886
-0.101623
-0.021675
-0.074322
-0.319157
-0.794009
0.577843
0.221946
0.067272
-0.425646
-0.402409
0.111934
-0.174415
-0.152553
-0.483781
-0.174552
0.700322
-0.297316
0.174671
-0.449286
-0.127535
0.165739
-0.318170
0.556540
-0.243335
0.424451
0.717296
-0.225747
0.373855
-0.247089
0.007306
-0.065942
-0.460596
-0.618625
-0.530114
-0.648289
0.081991
0.378547
-0.518416
-0.000339
-0.303256
-0.508701
0.722914
-0.053492
0.464210
-0.207495
0.524567
0.203780
-0.128717
-0.328418
-0.142441
0.745395
-0.595569
0.506613
0.766420
0.028083
-0.634543
0.023982
-0.393944
0.360236
-0.016415
0.569111
-0.036211
0.006580
-0.185408
-0.533147
-0.214080
-0.101640
0.206469
0.372442
-0.628747
0.392580
0.090747
0.338724
-0.449157
-0.743613
-0.104113
-0.321387
-0.217616
-0.261419
-0.429986
0.656595
0.384007
0.686213
-0.840387
-0.069866
-0.286666
0.578692
0.674810
0.494556
0.603767
0.431380
-0.136296
-0.050210
-0.376309
-0.348829
-0.641517
0.052297
-0.442530
0.617723
-0.702393
0.433287
-0.587959
-0.481947
0.722687
0.358157
-0.075978
0.101154
-0.168613
0.348612
0.330749
0.609059
-0.590711
-0.821768
0.618099
0.457902
-0.346432
-0.211880
0.440054
0.744297
0.258869
0.434777
-0.516402
0.485965
-0.583696
0.606949
0.120885
0.504786
0.053394
-0.395979
0.552016
0.631229
0.432019
0.700661
0.459599
-0.429386
-0.677131
-0.636174
-0.471004
-0.275179
-0.186431
-0.500401
0.203316
-0.774235
-0.852391
-0.386410
-0.207193
-0.312402
0.672093
-0.081855
0.104875
-0.195238
-0.309715
-0.164000
-0.146327
0.130242
0.255980
-0.195533
0.256109
0.404039
0.783025
0.308875
-0.564574
-0.762741
-0.138129
-0.610401
-0.412593
-0.833435
-0.230336
0.558488
-0.009998
-0.132824
0.109210
0.632538
-0.640083
-0.285730
-0.598264
0.158174
-0.659114
-0.789454
-0.207000
0.041734
-0.799070
-0.124951
-0.678658
0.716348
0.129578
0.646363
0.405040
-0.657467
-0.271911
-0.234963
-0.504502
-0.246359
0.393054
0.756510
0.522253
-0.391221
0.067394
0.128907
0.583190
-0.012549
0.305369
-0.832865
0.726012
-0.152161
-0.688266
0.810268
-0.076741
0.604302
-0.018474
-0.198076
0.141988
0.104860
0.749607
-0.464785
0.275230
-0.622314
-0.503150
0.375692
-0.296762
0.002608
0.444695
0.071372
-0.370244
-0.162232
-0.122085
-0.753146
-0.347815
-0.643551
0.241796
-0.098549
-0.065619
-0.455890
0.384934
-0.154177
-0.312606
-0.084079
-0.515862
-0.506593
-0.365851
-0.152554
-0.421073
0.194898
-0.344839
-0.008636
0.588192
-0.343500
0.044882
-0.404407
-0.130550
0.285648
0.806203
-0.796735
0.700526
-0.659626
0.091017
-0.043504
0.231385
0.231888
0.731883
0.056028
-0.085448
0.188441
-0.480903
-0.728809
-0.745553
-0.285454
0.278576
-0.311588
-0.633522
0.096029
0.579704
-0.501426
0.368112
0.626139
-0.602758
0.508271
-0.822619
-0.480197
0.390830
0.855180
0.301955
0.423864
-0.150242
-0.470939
-0.161742
0.242884
-0.204596
-0.020728
-0.823493
0.041947
-0.205758
0.781739
0.106683
0.473174
-0.612375
-0.336640
0.805954
-0.268062
-0.444558
-0.766130
-0.612252
-0.143651
0.830450
-0.008859
0.558514
0.418667
0.132651
0.020646
-0.729388
-0.826466
0.024181
0.595038
0.004408
-0.172300
-0.687081
-0.758033
0.222608
-0.241606
-0.786303
-0.480040
-0.002020
-0.455336
0.336579
0.480397
-0.616841
0.522689
0.381317
-0.250042
-0.112301
0.472712
0.048697
-0.509533
0.488620
0.088873
0.563324
-0.318965
0.814409
-0.029830
-0.782802
-0.192691
0.791436
-0.239439
-0.161341
0.644924
0.109185
-0.694869
-0.569045
0.442400
0.029906
-0.147015
0.200787
-0.526104
0.288355
-0.764520
0.089014
-0.105492
0.279823
0.825248
0.093458
-0.400606
-0.308195
-0.855122
-0.309952
0.679095
-0.133469
-0.757093
-0.028612
0.239749
-0.557037
0.461687
0.153821
-0.180622
0.430529
-0.067243
-0.517717
0.193370
-0.127878
-0.712637
0.438053
0.449663
-0.851576
-0.379669
0.589405
0.657060
-0.596649
0.631031
-0.843966
-0.547715
0.710502
0.379716
0.057847
-0.120928
0.461806
0.355337
0.131753
0.695010
0.301860
-0.313356
0.600530
0.674104
-0.581370
0.216888
0.400885
0.737880
-0.807310
0.346003
0.114275
-0.066093
0.175173
-0.535219
0.037699
-0.351532
0.354656
0.445310
0.050759
0.090407
-0.857220
-0.148818
-0.262790
0.536570
-0.094474
-0.445686
0.033475
-0.438937
0.676676
0.375366
0.309347
-0.652327
0.503389
0.260910
0.167829
-0.032302
-0.145282
0.035128
0.087874
-0.187620
0.104446
0.032679
0.765972
0.011368
-0.510889
-0.038419
0.064746
-0.323732
0.084045
0.454702
0.079936
-0.404518
0.839968
0.461111
0.169029
-0.030868
0.218124
-0.666568
0.658410
-0.022360
0.246474
0.188364
0.287653
-0.516938
0.122456
-0.060123
0.496326
0.795892
0.209731
-0.764135
0.688815
0.696591
0.340284
-0.512032
0.212065
-0.045943
-0.013088
0.517025
0.043871
0.459319
-0.498157
-0.180681
-0.207709
-0.017594
0.153171
-0.142265
0.676714
0.564704
-0.467311
-0.102644
-0.543065
0.477224
-0.453791
-0.021575
-0.072551
0.660380
-0.058959
0.851213
0.244504
-0.093124
0.563314
0.159487
-0.850866
0.206546
0.113072
0.346635
-0.092063
-0.391639
0.001056
0.712394
0.108454
-0.788882
-0.280045
-0.203763
0.572027
0.274539
0.440316
-0.081029
0.493307
0.700453
-0.196696
-0.698267
0.529232
-0.599171
-0.205407
0.475476
-0.650333
-0.260565
-0.818647
-0.314260
-0.237613
0.486213
0.476586
-0.424004
-0.694445
0.562928
0.034158
0.567670
-0.380832
-0.056054
-0.328190
0.701575
-0.202531
0.458196
-0.260658
-0.371859
0.134753
0.431791
-0.096167
-0.059982
-0.412512
0.223371
-0.466336
0.082213
-0.081243
-0.500313
-0.251799
0.804810
0.721800
-0.157428
-0.144992
0.433696
-0.165646
0.483366
-0.773038
-0.770157
0.626564
-0.321414
-0.648851
0.467604
-0.815459
0.197356
-0.480526
-0.705201
0.514664
0.253113
0.712419
0.260794
0.534636
0.152904
0.754431
0.721910
0.690069
0.089591
-0.089796
0.112301
0.571256
0.007764
0.548915
-0.030754
0.087042
-0.322106
-0.684413
0.821723
0.194438
-0.207271
-0.322102
-0.623990
0.625788
0.647009
-0.033439
-0.838379
0.610145
-0.073769
0.551207
0.546167
-0.689169
0.307792
-0.051002
-0.345320
-0.578489
-0.223897
0.042685
-0.065724
-0.173234
-0.843371
-0.842121
0.034681
-0.441460
-0.565574
-0.100351
0.192903
0.823341
-0.819190
-0.035678
0.144269
0.255160
-0.470368
0.103991
0.704255
0.223356
-0.433964
-0.207414
0.665713
-0.211325
-0.159225
-0.208068
0.546367
0.844926
-0.625883
0.147046
-0.390541
0.076600
0.600594
-0.299000
-0.455804
0.539073
-0.660587
-0.257538
0.835854
0.165681
-0.132553
-0.338092
0.179364
-0.075522
0.067966
-0.706223
-0.227083
0.639744
-0.277383
0.495819
0.276219
0.699521
-0.166500
0.060727
0.058591
0.615017
0.848271
-0.711001
0.271661
0.334788
-0.536195
-0.194834
0.220422
-0.186328
0.319039
0.067061
-0.233824
-0.759726
0.253291
0.579264
0.442498
-0.847027
0.332821
-0.613024
-0.205579
-0.127338
0.002084
-0.543800
-0.714733
-0.791398
-0.613803
-0.744855
-0.115187
-0.232902
0.314340
-0.443348
-0.519842
-0.215915
-0.387583
0.821627
0.460795
-0.189532
0.219730
0.544492
0.029402
0.305424
0.444797
-0.293982
0.552150
-0.714973
-0.693392
-0.047819
-0.759822
0.486522
0.201101
-0.212143
-0.703025
-0.376285
0.734377
0.643633
-0.106334
0.276590
0.856163
-0.131259
-0.488977
0.492410
-0.183974
0.072359
-0.055881
-0.547975
0.030692
0.110141
0.476992
-0.592249
-0.496942
0.015001
0.071843
-0.822929
-0.820572
0.076698
0.364093
-0.575470
-0.437484
-0.393417
0.189341
-0.557316
-0.219741
-0.079555
-0.370190
0.150619
-0.002212
0.404301
-0.313564
-0.606451
0.241677
0.550578
-0.091522
0.806716
-0.342747
-0.806170
-0.346365
-0.447696
0.588565
-0.232449
0.161406
-0.365920
0.269788
-0.085346
0.575409
-0.577848
-0.408345
0.768548
-0.661487
-0.285046
-0.818196
-0.829672
0.162766
-0.503832
-0.129483
0.724612
-0.467823
0.041574
-0.088566
0.507357
0.706829
-0.177295
0.754738
0.117287
0.352601
0.802096
-0.507433
0.288034
0.102739
-0.186813
0.369800
0.403569
0.133542
-0.265912
-0.456555
-0.297375
0.103760
0.455471
0.495129
-0.088162
0.582591
0.777569
0.856225
0.260270
0.621345
0.414570
-0.105964
-0.466899
-0.196374
-0.178714
-0.191156
0.164897
0.739430
-0.093058
0.551081
0.413444
0.297153
0.516383
-0.249894
0.684535
-0.695682
-0.618726
-0.154290
0.482328
-0.626102
-0.512727
0.374804
-0.501827
0.845299
0.103700
0.706942
-0.181309
0.670684
-0.240549
-0.402035
-0.394897
0.790743
0.311725
0.513687
-0.218325
-0.268880
-0.744506
0.091222
-0.853182
0.776110
-0.672143
-0.518849
-0.090880
-0.625776
0.309250
0.290154
0.744076
-0.451625
-0.831528
0.196258
0.280672
-0.768938
-0.122630
-0.229376
-0.656080
0.716849
0.791735
0.343941
-0.566445
-0.712117
-0.240881
-0.532227
0.633529
0.762677
0.820474
-0.005129
0.497467
0.094471
-0.787384
0.345152
0.494595
-0.587413
0.410504
-0.484694
0.618995
-0.409042
0.751042
0.643694
-0.744147
-0.301777
0.110153
0.778940
0.563471
0.614644
-0.065075
0.258972
-0.196156
-0.564808
-0.358465
-0.608014
0.233142
0.631707
-0.105476
-0.654962
-0.091413
0.028815
-0.267207
-0.563738
0.159277
0.567205
-0.763401
0.767015
0.410412
0.839725
-0.541301
0.521828
-0.822736
0.077490
-0.045399
0.287958
-0.115132
-0.082922
0.163764
-0.452581
-0.354956
-0.027127
0.604869
0.046731
0.535985
0.267436
-0.467271
0.622763
-0.423941
-0.601722
0.377395
-0.202287
-0.706447
0.328677
-0.564226
-0.508622
0.744137
0.007657
0.500639
0.181204
-0.227511
0.030896
0.458291
-0.302620
0.030668
0.273463
0.064398
-0.272810
0.710755
0.292273
-0.522831
0.437716
0.296592
-0.287643
-0.813132
0.541339
0.157160
-0.738539
0.087949
-0.773906
0.111115
0.505539
-0.297347
-0.603375
-0.349749
0.267580
0.813269
0.314869
-0.032442
0.326112
0.282539
0.258446
0.814972
-0.574257
-0.176726
0.596926
0.747840
0.267797
0.511845
-0.311285
0.601712
0.189358
-0.081128
0.466748
0.599571
-0.102437
0.713538
0.248544
0.360542
-0.173735
-0.697768
-0.449501
0.688923
-0.073228
0.499979
0.710950
-0.582548
-0.414372
-0.024550
0.100618
0.560550
0.257361
-0.248717
-0.157420
-0.365358
-0.791257
0.359378
0.081877
0.162647
-0.459039
-0.640448
-0.593170
0.770537
-0.018685
-0.587356
0.537303
-0.642318
-0.074941
0.190771
-0.580140
0.552222
0.613203
0.536967
0.336157
0.102337
-0.723911
-0.698824
-0.156538
0.026684
-0.673577
0.759168
0.318372
0.083930
-0.758785
0.703276
0.254568
-0.487477
-0.754056
0.141049
0.276620
-0.428462
-0.850070
-0.329252
-0.163674
-0.718720
0.739383
0.343725
-0.747575
-0.630892
0.523913
-0.783368
-0.248151
0.845404
0.510889
0.029723
0.730750
0.133210
-0.456941
-0.573851
0.581862
-0.066456
0.375029
-0.641152
0.691151
-0.561882
-0.375002
-0.086650
-0.056259
-0.715956
0.391925
0.649833
0.606370
-0.529892
0.097125
0.281819
-0.098678
-0.732781
0.676189
-0.464509
-0.265588
-0.521252
0.251872
-0.160950
0.318752
0.123660
0.239601
0.725325
0.721086
0.459209
0.760456
-0.632812
0.205106
0.481084
0.140752
-0.836799
-0.612400
-0.089923
0.828902
-0.127699
0.248056
0.229366
0.515249
0.659261
-0.672709
0.615828
0.219631
0.553897
0.600205
-0.272776
-0.169910
-0.735307
-0.743376
0.176556
0.619157
-0.052161
0.083675
-0.062588
-0.113792
0.460736
0.079347
0.830288
-0.275031
0.062744
-0.418973
0.014323
0.795918
-0.307248
-0.082177
-0.396449
-0.134492
0.429732
-0.766823
-0.468643
-0.801379
0.437762
0.001734
-0.015561
0.845006
0.723632
-0.245845
0.363916
0.425829
-0.511203
0.307164
-0.078190
-0.185316
0.698487
0.038066
0.336034
0.548966
-0.581754
-0.100943
-0.637703
-0.110610
-0.835835
0.093741
0.558585
0.822096
-0.295857
-0.009985
-0.246046
0.650535
-0.299026
0.353110
0.511719
-0.762861
0.689244
-0.138616
0.849197
-0.062999
-0.286507
0.112550
-0.325290
0.167661
0.833269
-0.503206
0.412912
0.483583
0.699535
0.384782
-0.101516
-0.752890
0.342050
0.068873
-0.453327
-0.357089
-0.653438
-0.048496
0.168291
0.719686
-0.401914
0.492390
-0.603704
0.811535
0.496452
0.040192
0.273321
-0.607754
-0.379588
0.053768
-0.707626
-0.061457
-0.058838
0.166848
0.317015
0.077658
-0.491730
-0.550400
-0.719577
0.118731
0.014455
0.427221
-0.599667
-0.660091
0.347234
0.251638
0.149904
0.606518
0.275495
-0.021142
-0.122079
-0.131981
0.225548
0.682358
0.495448
-0.092461
-0.252159
0.622762
0.224367
-0.246611
0.213918
0.173564
0.202509
0.355134
-0.379579
-0.255780
-0.721009
0.204260
-0.182608
-0.833110
0.222725
0.350585
-0.506023
-0.302870
0.291035
0.131967
-0.787655
-0.221835
0.852295
-0.037816
0.045701
-0.016085
0.505741
-0.794112
-0.171762
0.360565
-0.284813
-0.127853
0.382128
0.635493
0.675373
0.539114
0.640947
-0.153529
0.218759
-0.748444
0.311404
-0.472675
-0.277638
-0.735694
-0.027925
0.030660
0.103158
0.176696
0.519722
0.423281
0.456715
0.736090
-0.565216
-0.540212
-0.477869
-0.704199
0.837703
0.219200
0.221438
0.076181
0.021399
0.017615
-0.390538
0.090011
0.647431
-0.069736
-0.213880
0.760732
-0.571149
-0.142286
0.366517
-0.127941
0.335518
0.197271
-0.031779
-0.409958
0.356275
0.646253
0.145438
-0.649940
-0.233076
-0.282050
0.222132
0.143992
-0.173697
0.350167
-0.612339
-0.005994
-0.084568
-0.018484
0.770485
-0.134763
-0.181926
0.233390
0.629259
-0.339872
-0.784898
-0.603420
-0.806753
0.205646
-0.434340
-0.236047
0.171434
0.048000
0.396130
-0.811697
0.188522
0.789965
-0.448726
-0.358901
-0.098413
-0.556092
-0.840692
-0.799540
-0.381552
-0.855102
-0.537909
0.295373
-0.709567
0.108627
-0.008455
-0.584346
0.349716
-0.257268
-0.047987
0.552380
0.576768
-0.713113
-0.269378
-0.284423
0.156771
-0.253403
0.788926
-0.538295
0.492701
0.761460
0.092782
0.244988
0.142449
0.599091
0.048399
0.165989
0.720081
0.070341
-0.380783
0.711772
-0.577343
0.212839
0.480969
0.632125
0.383094
-0.048062
0.516113
0.458636
0.464950
0.531388
0.067716
-0.035771
0.534308
0.500690
0.220921
0.479584
0.697863
-0.686668
-0.186494
0.790303
-0.650103
0.090113
-0.101906
-0.496445
0.520927
0.466824
-0.212928
0.080882
0.200165
0.154492
0.011598
-0.623974
-0.510003
-0.474291
-0.237604
0.807725
-0.800795
-0.688241
0.812015
-0.419559
0.673977
0.046960
-0.266346
0.647525
0.178808
0.006083
-0.036784
0.260235
-0.623794
-0.841316
0.191052
-0.571909
-0.500335
0.648207
-0.856801
-0.032622
-0.216929
-0.210831
0.164776
-0.008296
-0.747590
0.557912
-0.240359
0.348026
0.129010
0.096162
-0.429202
-0.227705
-0.213464
-0.698245
0.483845
-0.777998
0.300545
0.404248
0.235549
-0.055519
0.782405
-0.244159
-0.722744
-0.422460
-0.165099
-0.529371
-0.034913
-0.543832
0.464265
0.423955
0.559811
0.375956
-0.289843
0.100271
-0.475243
-0.348710
0.527586
0.074942
0.287033
0.145019
-0.217237
0.070679
0.602748
0.188810
0.575100
-0.279851
-0.574105
-0.852696
-0.477062
-0.357264
0.458004
-0.420397
-0.834092
-0.307286
0.026226
-0.571302
-0.290927
-0.505107
0.510961
-0.144237
-0.715352
0.208077
0.853587
-0.852773
0.354965
0.048352
0.707141
-0.807028
-0.374243
-0.209158
-0.135922
-0.068544
-0.730710
0.367254
0.309605
0.510601
-0.476096
-0.324588
0.716842
0.851893
0.691903
-0.258948
0.459693
-0.316404
0.282519
-0.279277
-0.639625
-0.249752
-0.308118
0.555978
-0.114305
-0.419539
-0.143368
0.129255
-0.582944
-0.820727
-0.738110
-0.064655
-0.045477
-0.760222
0.059823
-0.088242
-0.133150
0.603370
-0.795371
0.665026
0.836004
0.350199
0.529370
-0.019520
0.652819
-0.698412
0.092911
0.672070
0.796116
0.268436
-0.096217
-0.718589
-0.352400
-0.020550
-0.387754
-0.026559
-0.623405
0.670227
-0.672720
-0.513971
-0.048249
-0.845084
-0.123262
0.678930
-0.016738
-0.499022
0.084888
-0.187394
0.525910
0.114773
0.336930
0.524563
0.141708
-0.295043
0.342178
0.612196
-0.046882
-0.188299
-0.188974
-0.603026
-0.206192
0.390760
-0.796855
0.122347
-0.528949
-0.310265
-0.516096
0.435989
0.797937
-0.229694
0.762133
-0.771462
0.151035
-0.676225
-0.082931
-0.287558
0.072117
0.350936
0.250523
-0.017565
0.406038
0.355602
0.492190
-0.799678
-0.756211
0.264786
-0.781123
-0.841990
0.247728
0.776142
-0.449242
0.480861
0.397674
-0.632680
-0.182494
0.189469
0.417427
0.439143
-0.441673
0.374198
-0.584949
-0.632074
-0.120132
0.565413
-0.346410
-0.409035
0.190188
-0.750668
-0.788752
-0.591514
-0.717694
-0.200492
0.381582
0.494844
-0.001461
-0.004729
-0.159871
-0.151915
0.083498
0.439312
-0.066072
0.273485
-0.103366
-0.042431
0.106308
0.785977
-0.525796
-0.611028
0.251263
-0.856283
0.720038
-0.704063
0.362858
-0.661712
-0.371578
-0.122377
0.508244
0.252497
-0.314375
-0.083046
-0.412701
0.803295
0.141931
-0.838137
-0.826718
0.399295
0.767653
0.428309
0.150936
0.007652
0.697252
0.542414
0.794998
0.638324
0.253198
-0.015260
-0.321874
0.640768
-0.161145
0.284079
-0.321616
0.546226
0.703137
-0.519925
-0.533271
0.645089
-0.678125
0.321667
0.502915
0.307290
-0.423731
0.329860
-0.063811
0.576084
-0.313187
0.009583
-0.327004
-0.541909
-0.020198
0.192607
0.798964
-0.583215
-0.784791
0.443361
0.552389
0.787149
0.398245
-0.414772
0.508137
-0.195312
0.453257
0.410287
0.199478
-0.760046
0.042963
0.343533
0.612639
0.478499
0.834685
-0.108267
0.230092
-0.128412
0.120713
0.836783
-0.270753
0.280314
-0.668522
-0.461091
0.763761
0.576505
-0.210065
0.079080
-0.123057
-0.132971
-0.202930
-0.214235
-0.248130
0.089050
-0.404129
-0.802680
0.022712
-0.295844
0.325590
0.804834
0.718143
-0.294127
-0.048284
0.265577
0.448991
-0.721074
-0.448652
-0.237342
0.159715
-0.008950
-0.128269
0.304850
0.171114
0.743640
-0.012455
0.647819
-0.501532
-0.100339
-0.093088
-0.689071
0.804909
0.458494
-0.711461
-0.374724
-0.125991
0.573779
-0.694920
-0.678284
-0.229621
0.304616
-0.288058
0.786003
0.835146
-0.428694
0.774780
-0.093683
-0.350198
0.578883
0.405755
0.213582
0.288442
-0.129499
-0.373646
-0.795262
0.252168
0.175095
0.589394
-0.364956
0.617333
-0.317605
0.772721
-0.787075
0.344281
0.234358
-0.090136
0.155426
0.580219
-0.210836
0.690661
0.241803
0.114170
-0.767427
0.820594
-0.379785
-0.035413
0.054768
-0.341198
-0.009594
0.441215
0.368283
-0.838398
0.193422
0.009852
0.560424
-0.351319
0.120969
0.406655
0.261206
0.644234
-0.292880
0.545720
0.810151
0.607164
-0.830184
0.195231
-0.367338
0.426098
-0.176022
-0.749802
0.660096
-0.322262
0.755481
-0.222385
0.243493
-0.606317
-0.347615
0.627392
-0.545428
-0.710272
0.598097
0.822876
0.681268
0.688744
0.339585
0.799802
0.370203
0.195524
-0.520048
0.533882
-0.117427
0.301189
0.599028
-0.109135
-0.500961
0.211773
0.780917
-0.073593
0.682874
0.233768
0.699944
-0.543157
-0.821856
0.782031
-0.669034
-0.132789
-0.404126
0.756140
0.262476
-0.802611
-0.249876
0.343570
-0.327530
-0.348089
0.009511
-0.658791
-0.098889
0.030455
-0.043845
0.653135
-0.121990
0.332276
0.273570
0.394073
0.357151
-0.616155
-0.073932
0.471490
0.342772
-0.323621
0.799495
0.713097
-0.661437
0.561374
-0.558843
0.442694
0.644115
-0.308502
0.100693
0.715514
0.245935
-0.238756
0.090296
0.149102
-0.353622
0.059388
-0.124574
-0.222249
0.042772
0.393013
0.540304
0.820884
0.062233
-0.149922
-0.137426
0.143797
-0.046141
0.498129
0.631365
0.243874
-0.197212
0.174835
-0.121884
0.587669
0.157913
0.127478
0.353252
0.024145
0.037823
0.552218
-0.160881
-0.135103
-0.637783
-0.681332
0.038685
0.548971
0.539679
0.324517
-0.269656
-0.022152
0.506506
0.097474
0.844485
-0.465267
0.615279
0.653961
-0.091106
0.371833
0.278404
0.198521
0.061638
0.499240
-0.414661
-0.019600
-0.147427
0.571925
0.279228
-0.750313
-0.636725
-0.813349
-0.428961
-0.530723
-0.403855
-0.361563
0.573685
0.325507
0.062678
-0.078426
0.586926
0.436532
-0.440702
0.456130
-0.432400
0.595385
-0.042943
-0.485020
-0.019930
-0.594935
0.425743
-0.648705
0.283084
0.024464
-0.605445
0.469574
-0.823386
-0.564232
-0.353799
0.584498
0.786278
0.795782
0.489407
0.044967
0.088904
-0.774969
-0.328314
-0.203764
0.592438
0.399835
-0.428916
-0.175149
-0.101966
-0.064666
0.729839
-0.132987
0.141513
0.359118
-0.433155
0.033745
-0.112426
-0.139517
0.460653
-0.290377
-0.231742
0.726620
0.822961
0.016224
-0.777978
-0.169084
0.822666
0.189834
-0.846636
-0.234153
-0.284036
0.315651
0.710291
0.825830
-0.225404
-0.769645
-0.220108
-0.143760
-0.081714
0.529870
0.749685
-0.142018
0.214977
-0.673811
0.315438
-0.537751
-0.289241
-0.114713
-0.614316
-0.189825
0.239907
-0.237606
-0.849175
-0.586528
-0.698260
-0.346700
-0.298597
-0.332005
0.210658
-0.342867
0.079208
0.705800
0.419309
-0.722733
0.482703
-0.397257
-0.557049
0.366196
-0.255895
-0.748062
-0.435858
-0.122159
-0.796311
0.389985
0.748564
0.526168
0.406199
-0.790066
0.044761
0.403346
0.773033
-0.015407
-0.573775
0.147455
0.369269
0.454682
0.432845
-0.540264
0.305435
-0.373763
-0.577485
0.401222
0.144977
-0.104834
0.737715
-0.556084
0.654775
-0.750268
0.128586
0.609221
0.182800
0.173147
-0.662596
0.080492
-0.406662
0.341512
-0.330578
-0.304250
0.009854
-0.136429
-0.238444
0.039725
0.239740
0.851372
-0.555875
-0.428586
0.118348
0.696745
-0.521801
0.558982
0.799513
-0.848930
0.756561
-0.332963
0.532007
0.814808
-0.381818
-0.132235
-0.037966
-0.456814
0.258534
-0.055244
0.074954
-0.366253
0.816219
-0.090621
0.257047
0.090578
-0.705445
-0.032078
0.507547
-0.077787
-0.112956
-0.370444
0.158624
0.806251
-0.595482
0.788475
-0.601120
0.291832
0.427029
0.147876
-0.171895
-0.510691
-0.391594
0.628475
-0.150046
0.551081
0.330391
0.590387
-0.768015
-0.099625
0.090790
-0.210805
0.410840
-0.708195
0.763181
-0.091738
-0.261859
0.293871
-0.355518
0.804855
0.086106
-0.573343
-0.469549
-0.307126
0.191406
0.032605
0.277155
0.823270
0.849717
-0.197771
0.370572
0.391876
-0.269510
0.404410
-0.758432
-0.176162
0.771351
0.442409
0.513230
-0.216975
0.066584
0.161832
0.367210
-0.131989
-0.005787
-0.623162
0.363008
-0.419227
-0.573590
-0.042482
0.583739
-0.649906
-0.293465
-0.043148
0.573677
0.798142
-0.267710
0.524524
0.314817
0.715291
-0.080770
-0.233410
0.020947
0.310648
0.399471
-0.412600
0.851215
-0.694528
0.381556
-0.234876
-0.000635
-0.801747
-0.439746
0.164934
-0.707329
0.740976
-0.069648
-0.225103
0.490451
0.125805
-0.603953
0.653800
-0.847153
0.416344
0.815302
-0.230413
0.771990
-0.420383
-0.319684
-0.133178
-0.708332
0.554835
0.133479
-0.339673
0.428823
0.736165
-0.721749
0.696980
0.234014
-0.084676
-0.040742
0.024756
-0.630081
-0.405961
-0.646312
0.098628
0.682143
-0.172558
-0.337221
-0.005777
0.725941
0.189174
0.290276
-0.381073
0.414252
0.637430
0.451767
-0.242446
-0.800736
0.124295
-0.338920
-0.566425
0.166107
0.179929
0.210782
-0.330991
0.382329
0.730743
-0.314058
-0.370617
-0.479127
-0.240031
0.309473
0.324509
-0.485519
0.553164
-0.002400
0.354232
-0.211419
0.017243
0.306764
0.777254
-0.152848
-0.306346
-0.374894
0.725466
-0.025956
-0.093383
0.414194
0.742309
0.455716
-0.529852
-0.827579
0.237231
0.162909
0.358435
0.521004
-0.143880
0.577602
0.814059
0.154774
-0.449912
0.699916
0.262052
0.836194
0.099452
-0.145580
0.163776
-0.052525
0.022440
0.519279
-0.642746
0.089702
-0.805642
-0.137556
0.435634
0.543393
-0.270039
-0.129351
0.570298
-0.187673
0.195533
0.651885
-0.766048
0.040043
-0.286484
0.433694
-0.275028
-0.856763
0.584836
-0.162396
-0.850163
-0.555187
-0.300737
-0.434742
0.102241
-0.065839
-0.356610
-0.011231
0.529648
-0.248252
0.030052
-0.761578
-0.329585
0.849986
-0.528743
0.468348
0.652857
-0.466826
-0.852915
-0.812304
-0.399811
-0.417833
-0.179792
0.239876
-0.042246
0.742531
-0.047115
0.852892
0.060343
0.732841
-0.410790
-0.828890
-0.740338
-0.718266
0.551412
-0.766164
-0.816167
-0.139493
0.742688
-0.461644
-0.649385
-0.691709
-0.234822
0.265124
0.238059
-0.136352
-0.650503
0.220244
-0.553573
-0.360313
-0.713268
0.059325
0.183013
0.300132
0.749176
-0.722459
0.665724
0.354457
-0.567765
-0.081351
0.323194
0.335103
0.416169
-0.447099
-0.105364
-0.648064
0.201258
0.069622
0.136912
0.167704
-0.824423
0.301322
0.793488
-0.159347
-0.562711
-0.643386
-0.457314
-0.532108
0.819809
-0.231202
0.408341
-0.067780
-0.443551
-0.616745
0.171409
-0.409701
0.306554
0.567496
0.648407
-0.322223
0.323472
0.807269
0.465187
0.016822
-0.381449
0.380995
0.097476
0.412672
0.785544
-0.806278
-0.647446
-0.099050
-0.751956
0.506059
0.855331
-0.667760
-0.066972
-0.334386
-0.634232
0.316067
-0.028833
-0.598938
0.674886
-0.182052
0.574027
0.795502
0.638505
0.047395
0.842041
-0.222698
-0.212323
-0.416335
-0.334624
0.634232
0.536949
0.166719
-0.456380
0.607274
-0.121093
-0.552119
-0.145536
0.547913
0.187281
0.576564
0.362348
-0.197689
-0.536625
-0.092346
0.672740
0.342929
-0.228965
0.317893
-0.704830
-0.145748
0.087589
0.213687
0.729208
0.330341
0.762960
-0.136984
0.687801
-0.407312
-0.278659
-0.689669
0.033344
0.454121
0.090981
0.189017
-0.361901
-0.291353
0.183288
0.128762
-0.286002
-0.353759
0.740483
-0.708655
0.680840
-0.548728
0.415628
-0.852576
-0.851266
-0.701392
-0.100241
0.418838
-0.434805
0.086500
-0.701380
-0.495271
-0.468300
0.090393
0.555880
-0.140358
0.112827
-0.405899
0.734181
0.495696
0.142727
-0.543744
0.362957
-0.379041
-0.317429
-0.257030
0.593302
-0.804848
-0.427793
0.726319
-0.058021
0.574480
-0.700217
0.592862
-0.737971
-0.368221
0.003469
-0.502152
0.333295
0.226980
-0.556905
0.687798
-0.694634
0.441653
0.059814
-0.488067
-0.379278
-0.052462
0.047660
-0.321234
0.038862
-0.123150
0.837622
-0.663127
-0.066974
0.311222
-0.115403
-0.801009
-0.494871
0.484978
-0.817795
-0.285261
0.259611
0.304134
0.491335
0.107612
0.557630
-0.287024
-0.417857
-0.270712
-0.177965
0.528977
-0.202623
0.120041
0.802153
0.556149
-0.486873
-0.251457
-0.282341
-0.286615
0.121001
0.371899
-0.681757
0.354884
0.115006
-0.512525
0.139109
-0.102502
-0.332662
0.456400
-0.082835
-0.742572
0.807596
-0.447229
-0.330337
0.085435
-0.617228
0.268079
-0.051527
-0.265077
0.240175
0.228315
0.744107
0.108844
-0.088728
0.222710
-0.236079
-0.267175
0.279388
0.021735
-0.146746
-0.184412
0.035613
0.767789
-0.092923
-0.707031
-0.596239
0.510048
0.593588
-0.735074
-0.063403
0.370279
0.819787
-0.236610
0.633507
-0.125833
0.001505
0.343363
0.296272
0.393539
-0.477555
0.495285
-0.237774
-0.044267
0.753241
0.805388
-0.711926
-0.456069
0.029179
0.701614
0.007080
-0.302424
-0.769731
0.217789
0.041352
0.436563
0.443421
0.088639
-0.629025
-0.267701
-0.338095
0.393633
0.805466
-0.627066
0.771797
-0.402554
0.205201
0.262466
-0.032762
0.071556
-0.132126
-0.130728
0.711420
0.360703
0.197064
0.274886
0.115850
-0.244171
0.704648
-0.648806
-0.797413
0.822527
-0.462953
0.069854
-0.338796
-0.270240
0.007075
0.736517
0.782466
0.386330
0.192951
0.595339
0.604558
-0.267095
0.117077
0.389474
0.847824
-0.315511
0.592924
-0.187877
0.040736
0.536602
-0.608226
0.533610
-0.685932
-0.534281
0.089808
-0.321527
0.546959
0.090392
-0.462222
0.048851
-0.502538
0.178815
-0.662860
0.081787
0.737224
-0.022883
0.484864
0.268635
-0.543072
0.079350
0.491778
-0.452834
-0.015941
-0.542312
-0.813496
0.025634
0.061522
-0.722453
0.498774
-0.013067
0.204723
-0.101533
-0.480003
0.646779
0.281624
0.499941
-0.147471
-0.674813
0.296155
0.582903
0.199065
-0.070935
-0.350780
-0.814965
0.763504
0.599509
0.258939
0.009867
0.166470
0.561475
-0.140151
-0.734144
0.589993
0.284541
0.486427
0.198064
0.002843
0.053055
-0.311615
-0.811860
0.656857
-0.045143
-0.317933
-0.428038
-0.627135
-0.112290
-0.838890
0.144557
-0.319428
-0.059515
0.223203
0.008845
-0.179044
0.086126
0.357535
0.294584
-0.298883
0.505079
0.427725
0.501036
0.301764
0.799139
0.783333
0.238487
0.707474
0.470397
-0.062778
-0.226668
0.240293
0.522217
0.296311
-0.397266
0.360186
0.365330
0.725338
0.408274
-0.507867
-0.608115
-0.773683
0.130751
0.229661
0.848891
-0.545755
-0.738394
-0.609392
0.654203
-0.010939
-0.479821
0.001700
-0.434891
-0.087763
-0.783369
0.758297
0.100536
-0.084247
0.663848
0.202125
-0.582549
0.444383
-0.656797
-0.072359
0.011049
-0.348297
0.277474
0.359514
-0.078490
-0.079616
0.805137
0.772994
-0.711206
0.321555
0.234402
0.652918
0.208195
-0.663025
-0.191972
-0.324401
0.283728
0.134525
-0.163903
0.720186
0.653025
-0.593786
0.009156
0.132558
0.081715
0.616400
0.079392
-0.678245
-0.410479
-0.561174
0.209403
-0.529030
0.782469
-0.447627
-0.813667
-0.799908
-0.267768
0.442885
-0.614825
0.214180
-0.200709
-0.752121
0.197140
-0.080750
0.206747
-0.267721
-0.088801
0.733383
-0.808842
0.319669
0.349329
-0.400445
-0.170949
-0.338424
-0.489271
0.424234
-0.242798
0.524706
0.239861
0.204597
-0.701512
-0.116840
0.513803
0.122239
0.154800
0.567906
0.576492
-0.183332
0.265385
-0.549443
0.367702
-0.395487
0.008530
-0.300941
0.584579
-0.808133
0.744532
-0.100052
0.449998
0.757588
-0.465561
-0.807180
-0.174104
-0.222855
-0.722764
-0.132053
0.669630
-0.212569
0.853216
-0.197016
-0.463573
-0.210457
0.857329
0.064396
-0.547826
-0.373802
0.050442
-0.074465
-0.484421
0.056356
-0.714625
-0.262583
0.602539
0.134673
-0.528573
0.480838
0.731670
-0.558931
0.151327
-0.366414
0.319422
-0.541553
0.110752
-0.583332
-0.045714
0.310730
0.838737
-0.726643
0.843584
-0.035244
-0.672201
-0.728554
0.210084
0.071041
-0.366977
0.682513
0.106852
0.080484
0.048123
-0.241026
0.541035
-0.375388
0.250192
-0.190387
-0.249859
0.120001
-0.297321
-0.663550
0.757213
-0.351175
-0.501873
0.600432
-0.514231
0.394285
0.651166
-0.060912
-0.744652
-0.486088
0.500128
-0.031990
-0.842156
0.452239
0.193666
0.100672
0.552975
0.612692
-0.235485
0.538622
0.175994
-0.212910
0.060712
-0.059238
0.403100
0.769381
-0.219245
0.705755
-0.372715
0.836249
-0.294174
0.023451
-0.033751
-0.591603
0.848858
0.720802
0.045562
0.735221
-0.520873
-0.488000
-0.105807
0.857307
0.464610
0.303747
-0.843735
-0.124236
0.434606
0.147666
-0.499406
0.292397
0.230283
0.677857
0.395046
-0.118440
0.191316
-0.077181
0.467060
0.322679
-0.390468
0.010540
0.640896
-0.387360
-0.149736
0.617196
0.155697
-0.259015
-0.319345
-0.137955
-0.437500
0.235669
0.704120
-0.005217
0.040250
-0.681467
0.233021
0.137586
-0.429481
0.625788
0.538216
-0.373568
-0.182568
-0.279289
0.242882
-0.667960
0.633729
0.748074
0.120249
-0.174083
0.529532
-0.245575
-0.423335
-0.475983
0.517494
0.046458
-0.396036
0.232273
-0.092576
0.062143
-0.286211
0.068568
0.428897
-0.722847
0.330550
0.778581
-0.450761
0.294584
0.194781
0.005928
-0.699817
-0.624524
0.770714
0.184182
-0.612734
-0.229401
0.741293
-0.063285
-0.065109
0.174142
-0.572287
0.501414
0.279449
0.410998
0.743351
0.491914
0.119311
0.487798
-0.311894
-0.278492
0.619428
0.753368
-0.214803
0.534016
-0.479864
-0.466831
0.751599
0.733010
-0.287824
-0.080910
-0.393391
-0.634363
0.445666
0.848184
0.191289
0.180600
0.516115
0.227493
-0.246586
0.821187
0.244690
-0.173715
0.802695
-0.034135
-0.289637
-0.410174
-0.129144
0.398915
0.299765
-0.309196
-0.437445
0.424872
0.596628
-0.749740
0.112103
0.383428
0.004059
-0.517671
0.380994
-0.500566
-0.395965
-0.064560
-0.400643
-0.820611
-0.843883
-0.437325
-0.244908
0.403607
0.597387
0.595245
0.361335
0.067463
-0.119337
0.097914
-0.349009
-0.182030
-0.575432
-0.612305
0.674113
0.628570
0.526791
0.725201
-0.664198
-0.364395
-0.346317
-0.695849
0.629482
0.394255
-0.212219
-0.318303
0.833069
-0.744557
-0.254150
0.475277
0.135973
0.720931
0.385040
-0.473288
-0.624232
-0.649484
-0.462609
-0.391575
0.041549
-0.555177
0.675155
0.048328
0.804669
-0.422149
-0.100510
0.724302
-0.050576
0.602475
-0.729346
-0.166156
0.344154
0.669179
0.233375
-0.637918
-0.376647
0.457660
0.341482
0.120046
0.345124
0.407734
0.526933
0.439810
-0.450323
-0.136858
-0.721765
0.598357
0.709446
-0.545755
-0.357509
0.080730
0.061096
-0.689458
0.579032
-0.389963
-0.205881
-0.111383
0.213283
-0.766286
0.313275
0.791963
-0.043569
0.679809
-0.274277
-0.656513
-0.009009
0.337376
-0.854081
-0.109881
-0.411916
0.716536
-0.271477
-0.013148
0.138742
0.472261
0.475809
0.099242
0.163401
-0.422095
-0.100251
-0.406425
-0.231577
-0.220511
-0.385380
-0.035364
0.170246
0.401275
0.188882
-0.002307
-0.848979
-0.625920
0.443220
0.059004
0.331244
-0.738373
-0.702229
-0.692994
0.399814
-0.175168
0.444301
0.325184
-0.540432
0.028569
0.434583
-0.802479
-0.299837
-0.179996
0.139735
-0.796667
-0.137332
0.140325
-0.232041
-0.281570
0.278186
-0.026194
-0.132920
0.099677
0.471842
0.853435
0.208235
-0.529221
0.457599
-0.062590
0.806627
-0.480645
-0.091593
-0.233668
0.460986
-0.525753
0.347771
0.091708
0.405618
0.639674
0.640414
-0.565642
0.639845
-0.593314
0.351763
-0.422428
-0.092857
-0.077684
-0.352583
-0.389608
0.519500
0.272574
0.111299
0.195580
-0.415442
0.421307
-0.742655
0.713646
-0.081791
-0.294845
-0.238212
-0.239456
-0.153736
-0.297018
-0.170490
-0.857071
0.104401
0.558473
0.431518
-0.235890
0.208442
-0.466648
0.059861
0.003030
-0.532878
-0.355209
-0.168433
-0.149797
-0.561928
0.485895
0.107366
0.697780
0.628392
0.114229
0.253496
-0.238110
0.039865
0.375086
-0.560541
0.153413
0.233750
0.254627
-0.267263
0.261763
0.840112
-0.569388
0.182669
-0.586909
0.383291
-0.750093
-0.016663
0.820879
-0.030220
0.678634
-0.427957
-0.370070
0.591128
-0.548728
-0.065650
0.210631
-0.846902
-0.097219
-0.393756
0.646452
0.489899
-0.360349
0.296676
0.485255
-0.215613
0.184097
0.669906
0.279827
0.789796
-0.777852
-0.639923
0.756502
-0.106876
0.590814
-0.392819
-0.382966
0.658811
-0.538394
-0.001580
0.031304
0.216467
0.107977
0.643718
0.788040
0.642999
0.630145
0.054911
0.301102
-0.300318
0.187939
0.414697
-0.111702
-0.222716
-0.486110
0.650555
-0.193227
-0.068082
-0.651183
0.232330
-0.796169
0.015828
0.077477
-0.602648
0.297845
-0.056983
-0.070345
-0.697178
-0.485087
0.328497
0.652614
-0.271007
0.094972
-0.506175
-0.312869
0.252974
0.072602
0.567956
-0.410403
-0.766044
0.796797
-0.413426
0.005241
-0.447391
-0.351229
0.600571
0.432445
0.310458
-0.030332
0.391512
0.399782
0.607207
-0.478035
0.264565
0.302002
-0.620827
-0.165570
-0.777937
-0.025292
0.054694
0.520397
0.225398
-0.210961
0.663583
-0.351789
-0.362884
-0.273822
-0.301297
-0.798468
-0.330687
-0.015630
-0.366290
-0.043399
-0.359431
0.459289
0.190282
-0.187035
0.267675
-0.759133
0.432274
-0.004525
-0.314640
0.401107
-0.309575
-0.470066
0.687320
-0.038302
-0.604652
0.528100
-0.595662
-0.516674
0.272947
0.075894
0.649171
0.650698
0.103682
-0.192157
0.203884
-0.544499
-0.088435
-0.133774
0.344122
-0.650606
-0.110096
0.108884
0.497761
-0.266224
0.224849
0.641855
-0.820296
0.046309
-0.125770
-0.084437
0.715655
0.137557
-0.412260
-0.086765
0.571207
-0.405730
-0.594507
-0.741812
-0.702661
-0.370064
0.376489
-0.216031
-0.034754
-0.046119
-0.355019
-0.367613
-0.854616
0.569855
0.081708
0.636384
-0.173552
0.568962
-0.458637
-0.750355
0.652529
-0.477304
0.548310
0.788995
0.177317
-0.623028
-0.636163
-0.157917
0.103435
-0.734599
0.281795
0.724898
-0.136946
0.199090
0.404985
-0.605370
0.165645
0.045632
-0.532994
0.034835
-0.240341
0.445355
0.255583
0.362490
-0.084227
0.179511
-0.270096
0.599471
0.001544
-0.751460
0.323467
0.059772
-0.130813
-0.098183
0.350379
-0.620380
0.337354
-0.485963
-0.317138
-0.526350
-0.011244
-0.742959
-0.697196
0.847372
-0.619175
0.200614
-0.013027
0.205366
-0.386311
-0.043804
0.524747
0.479764
-0.699539
0.045176
0.128405
-0.129394
-0.467054
-0.609933
0.502484
-0.454372
-0.347379
-0.450045
-0.474325
-0.289984
-0.145873
-0.059429
0.043359
-0.473391
0.552813
0.676959
-0.610962
0.453539
-0.256917
0.298524
0.444619
0.131836
-0.175275
0.693651
-0.740507
-0.106421
0.241187
-0.756102
0.042358
0.169266
-0.137678
-0.666765
-0.452180
-0.145658
0.134982
0.275434
-0.809326
0.254864
0.178478
0.273690
0.220926
0.396329
0.625738
0.206099
0.511685
-0.583467
-0.289292
0.515244
-0.614500
-0.396634
-0.111849
-0.654719
0.300558
0.756291
0.751442
0.028471
0.356801
0.399210
0.217175
0.591567
0.146419
-0.381711
-0.613026
0.319074
-0.708144
0.123546
-0.527571
-0.276815
-0.809920
-0.249967
-0.242110
0.181162
0.368361
-0.140277
-0.635582
-0.017329
-0.022192
-0.849400
0.377124
-0.084759
0.853161
-0.370969
0.480771
-0.308550
0.520040
-0.334291
0.268583
-0.789357
0.313314
-0.671765
0.840439
-0.160265
0.807274
-0.108740
-0.155654
-0.779159
0.098323
0.131860
0.410060
-0.154442
-0.341195
0.568079
-0.097256
-0.786671
-0.461465
0.455711
0.641666
0.582059
-0.662656
-0.639341
-0.768792
0.027519
-0.728273
-0.619808
0.000100
0.091802
0.417229
-0.010678
0.553365
-0.079844
-0.448297
-0.787032
0.818336
0.622901
-0.104702
-0.593553
0.168745
0.710205
0.262945
0.681912
-0.749482
0.134905
0.457456
-0.043612
0.791328
0.201904
-0.600101
0.348586
-0.851663
-0.375352
-0.694015
-0.493836
0.115656
-0.337899
-0.582890
-0.179505
0.503416
0.389722
-0.362657
-0.522549
0.718233
0.116777
0.465790
-0.310090
-0.037340
-0.839135
0.405928
-0.744576
-0.060097
-0.343783
-0.305259
-0.548498
0.738488
-0.765025
-0.299596
0.222874
0.165475
-0.204508
-0.322643
-0.463198
0.377789
0.555784
-0.511804
-0.098454
-0.320304
-0.793958
-0.775738
-0.246703
-0.096623
-0.218960
0.334523
0.277909
0.307275
0.091904
-0.650056
0.450537
0.381236
-0.196791
-0.185912
-0.591608
0.468930
0.599180
-0.716073
-0.011467
-0.575520
-0.123712
0.744214
0.761118
-0.672007
-0.526406
-0.174789
0.851236
-0.052905
-0.024913
0.354061
0.375943
-0.094394
0.316132
0.510966
-0.364313
0.361743
0.444583
0.367756
0.767888
-0.616994
-0.477767
0.335889
0.362942
0.453702
0.678409
0.154490
-0.377770
-0.187933
-0.051219
-0.510815
0.599510
-0.283140
0.261513
0.084471
0.103712
0.714526
-0.032876
-0.567420
-0.343316
0.394514
-0.205006
0.140278
0.213680
-0.208654
0.133496
0.160756
0.662252
-0.547015
-0.288930
0.463808
0.057426
-0.484848
-0.225650
0.537387
0.044049
-0.716367
0.684967
-0.166417
0.555042
-0.124211
0.821738
-0.857139
0.247594
-0.449206
0.446197
0.518987
0.333774
0.651335
0.024222
0.495188
0.106201
-0.390045
-0.657411
0.272889
0.314274
-0.496972
-0.277293
0.224635
0.460694
-0.179078
0.046639
-0.459181
0.811541
-0.232322
-0.233639
0.001238
0.108871
0.568192
-0.495204
-0.380336
0.851559
0.495671
0.556010
0.831521
-0.667096
0.391579
-0.411776
-0.338340
-0.580317
0.407608
0.457277
-0.609645
-0.299074
0.278910
-0.520811
0.325108
0.254866
-0.003593
0.297452
0.190903
0.533105
0.775746
0.831553
-0.208522
-0.822806
-0.137747
0.496569
0.526573
0.804376
-0.125023
0.393295
0.029085
0.058414
0.560868
0.515577
-0.700402
0.678978
-0.248094
-0.827575
-0.414926
0.693989
0.410586
-0.254236
-0.258382
0.172933
-0.851785
-0.856152
-0.175768
-0.265358
-0.640105
0.041720
0.712514
-0.363067
-0.064153
-0.508943
0.352278
0.032155
0.294877
-0.068362
-0.800449
-0.212146
0.532756
0.410112
0.613599
0.569870
-0.553856
-0.055228
-0.466114
-0.447292
-0.256979
0.104905
0.141029
0.555027
-0.761078
-0.706972
-0.671759
0.759147
0.438770
0.433174
-0.716258
-0.087592
0.046856
-0.705303
-0.403685
-0.702974
-0.557562
-0.151327
0.187002
-0.217584
-0.454443
-0.377050
0.390344
-0.195579
0.717843
0.318809
0.647970
0.780940
0.185199
0.415182
0.528650
0.826210
-0.327791
0.710416
0.353523
-0.500525
0.111649
0.057183
0.367328
-0.345450
-0.635063
-0.171855
-0.089096
0.495804
-0.170970
-0.698065
-0.615726
0.031662
-0.036607
-0.635969
0.148001
-0.274049
-0.342149
0.448400
0.077667
0.264747
0.631940
-0.011117
-0.448482
-0.613048
-0.156820
0.176601
-0.812931
-0.223830
-0.547530
0.132130
0.013822
-0.205201
0.156514
-0.432655
0.719183
0.635165
-0.609608
0.596276
0.841477
0.238169
-0.386467
-0.228649
-0.505039
0.335376
0.780971
0.620441
0.613089
0.178227
0.748968
-0.222895
0.150848
-0.724653
0.604309
-0.109720
0.569439
-0.421414
0.536228
0.595334
-0.134318
-0.346873
-0.555210
0.431620
-0.569556
0.371212
-0.177720
-0.330885
-0.321193
0.088159
-0.433052
0.433353
0.724723
-0.751109
0.006850
-0.372182
-0.311279
0.776602
0.162947
0.326485
-0.239716
-0.042182
-0.543799
0.653803
-0.084686
0.038720
-0.195905
0.644135
-0.662613
-0.567895
-0.544588
-0.749286
-0.400203
-0.584624
-0.389533
-0.340108
0.165509
-0.501660
-0.076561
0.505881
0.346439
-0.544710
-0.667221
-0.029595
0.515446
-0.833676
-0.101810
0.237621
-0.044323
0.175376
-0.097970
-0.732283
0.454308
-0.362318
-0.375997
-0.667209
0.525636
-0.149243
0.769703
0.616959
-0.321410
-0.155347
0.380638
-0.662372
0.116253
-0.815567
0.709195
0.764944
-0.651956
-0.099897
-0.070749
-0.163020
-0.335123
0.182148
0.080288
-0.570011
-0.364279
-0.288761
0.147664
0.346453
0.219239
-0.126818
-0.166667
-0.223529
0.835490
0.740718
-0.350620
0.203533
0.622472
0.139235
0.837966
0.292091
-0.735191
-0.336575
-0.354136
0.090866
-0.097039
-0.497791
0.549269
0.222009
-0.521042
-0.769127
0.098288
0.123317
0.691035
0.015889
0.598309
0.356236
0.226394
-0.202423
0.818934
0.471448
-0.703019
-0.756008
-0.179103
0.145114
0.068846
0.417393
0.507224
0.811724
-0.411403
0.133243
-0.025524
0.358216
-0.364261
0.353497
-0.053873
-0.373411
0.747589
0.688365
-0.237823
0.804969
-0.578209
0.199083
0.148203
-0.461068
-0.163790
0.713817
0.743202
-0.084733
-0.031903
-0.415557
-0.427150
0.540500
-0.138647
0.654279
0.770978
-0.243222
-0.613827
-0.041288
0.612861
0.386393
0.248141
-0.143600
0.802743
0.088058
0.063311
0.245302
0.298628
-0.688160
-0.484479
-0.421619
-0.106428
-0.351002
-0.458502
-0.650864
0.555811
0.676861
-0.073506
0.368193
0.676723
-0.608528
0.256536
0.462054
0.350279
0.673755
0.403556
0.205843
-0.595121
-0.737298
0.617590
0.457466
0.575285
-0.147043
-0.641814
0.204243
-0.202229
0.329925
-0.491729
-0.046623
-0.279609
-0.472600
0.531357
-0.119965
-0.098028
-0.718120
0.536704
0.318670
-0.644891
0.156745
0.469280
-0.144338
-0.324030
-0.841835
0.724630
-0.009606
0.815516
0.290001
-0.478122
0.230948
0.292391
-0.022186
-0.172445
-0.344930
0.834977
-0.657005
-0.136184
-0.597113
-0.482246
0.814459
-0.064223
-0.507582
-0.130860
0.068562
-0.819301
0.452016
-0.427386
0.853232
0.096482
-0.026347
-0.426212
0.621685
0.522463
-0.173016
0.482810
0.245865
-0.410799
0.453925
0.245540
0.566057
-0.602999
0.294870
0.369573
-0.766740
-0.210040
0.299345
0.581650
-0.241547
0.415480
0.176682
-0.752143
0.597856
0.150163
-0.767779
-0.433964
-0.016137
-0.831481
0.021869
-0.773859
0.666586
-0.068731
0.620847
-0.529199
-0.559641
-0.081099
-0.283293
0.386400
0.357141
0.412411
-0.714764
-0.654879
0.654644
0.817752
-0.288748
-0.156922
0.217911
-0.727243
0.327980
0.328945
0.467411
0.789222
0.746807
0.809636
0.378159
-0.600826
0.643669
-0.400197
0.548445
0.181834
-0.666889
0.662129
-0.314682
-0.219879
-0.417014
-0.087071
-0.856872
0.550948
0.274075
0.267108
0.340855
0.776530
-0.333092
-0.368937
0.706686
0.374814
-0.236253
0.548673
-0.535358
-0.854256
-0.732190
-0.138083
-0.019174
-0.181360
-0.308077
0.622223
-0.421024
0.410045
0.578192
-0.304191
-0.461376
0.453288
0.518149
0.188734
-0.481183
-0.112305
0.372124
-0.234689
-0.596560
0.439179
0.103039
0.448199
-0.428871
-0.334454
-0.087012
0.234156
0.056082
0.826777
0.359481
0.244039
0.606907
-0.324508
0.200920
-0.152148
0.771737
-0.632093
0.423926
-0.549347
0.294828
0.292803
-0.156601
-0.706287
0.497879
0.297138
0.565781
-0.118631
0.059668
0.054504
0.783834
0.033016
-0.720998
0.278166
0.433586
0.542739
-0.162932
0.345889
0.300112
0.250857
0.683993
0.228319
0.186986
0.547720
0.725121
-0.109194
-0.198243
0.518832
0.582734
-0.467917
0.791830
0.136741
0.658494
-0.658347
-0.123064
-0.365592
-0.274718
0.267148
0.595773
-0.432645
0.745518
-0.216360
-0.770532
-0.147180
0.598348
0.061986
0.341695
0.406595
-0.242935
0.593374
-0.547480
-0.629925
0.254355
0.721461
0.392983
-0.380846
0.300431
0.003316
0.549096
-0.158363
0.768158
-0.428838
0.431081
-0.159541
0.764066
0.435997
0.154689
0.817217
0.662867
-0.029869
-0.523052
-0.651577
-0.808887
0.135727
0.058619
0.624169
0.130224
0.524980
0.464084
0.576109
0.695188
-0.429515
0.105866
0.244097
0.131645
-0.658194
