0.781549
0.208395
0.346474
0.568190
-0.790508
-0.022483
0.698790
0.036666
-0.372654
-0.337526
-0.237372
0.723188
-0.457913
-0.262478
-0.044418
-0.153780
-0.183311
0.582214
-0.839333
0.229901
-0.160914
-0.398111
-0.488445
-0.721339
-0.298939
-0.512314
0.395515
0.085505
-0.743202
-0.828301
0.270183
0.413139
-0.820231
0.547166
-0.690762
0.252957
-0.349683
-0.089910
0.188983
-0.233462
-0.521625
0.745771
0.479822
-0.466688
0.789844
0.432788
-0.137513
-0.142964
-0.612272
0.092171
-0.368046
-0.347224
-0.293372
0.786067
0.436870
-0.200527
-0.780015
-0.154340
0.520119
-0.059343
0.098807
0.278540
0.131218
0.177417
0.170642
-0.405556
-0.505754
-0.783881
0.034924
0.621555
0.576226
-0.286646
-0.259658
-0.186635
-0.115834
0.856908
0.367205
-0.514330
-0.377666
-0.404561
-0.276440
0.806735
-0.732975
0.005250
0.697509
0.627347
-0.788603
0.457181
0.017938
-0.707522
0.020716
-0.675166
-0.651757
0.191804
-0.324929
-0.515476
0.577720
-0.111089
-0.516040
0.565516
0.651245
-0.520565
-0.709737
-0.417204
-0.095441
-0.534286
-0.064560
-0.194091
0.304870
-0.063300
-0.715875
0.339066
-0.052444
0.461165
-0.823684
-0.654505
0.500962
0.299367
0.092337
-0.840091
0.130130
-0.011931
0.464545
-0.816601
-0.618457
0.703508
-0.774286
-0.460176
0.682885
0.201836
0.430858
-0.094136
0.705898
-0.459349
-0.090430
-0.155120
-0.411631
0.158847
-0.142473
-0.468234
0.211176
0.629152
0.576199
-0.490067
-0.552792
-0.055168
0.346118
0.033893
-0.126528
-0.765323
-0.240783
-0.291763
-0.204727
-0.265094
0.366642
-0.603951
-0.278805
0.049837
0.472327
-0.598056
0.348520
0.797732
0.172915
0.470080
-0.364544
0.389857
-0.393896
-0.795573
0.769957
0.226575
0.169328
0.854586
-0.012428
-0.747340
0.258882
0.752491
0.416520
-0.700563
-0.345358
0.446240
-0.489226
-0.397882
0.440613
-0.309414
-0.747696
-0.359998
0.474966
0.050285
0.791792
0.315061
-0.301828
0.599867
-0.388877
0.380338
0.531204
-0.387957
-0.404798
-0.234241
0.559098
0.695145
-0.532113
0.159688
-0.021753
-0.567057
0.129886
-0.284754
0.588472
0.095864
0.107240
-0.528283
0.424677
0.177200
0.547745
0.234971
-0.710450
-0.455361
-0.181386
0.057417
0.014938
0.427351
0.094953
0.344746
-0.688218
0.479199
0.567997
0.381217
-0.311794
-0.684038
0.649393
0.744009
0.363030
0.477301
-0.784990
-0.691951
-0.596884
-0.662584
0.251953
0.438385
0.508129
0.626623
0.611962
0.822383
-0.275141
0.646783
-0.257525
-0.250234
0.529711
-0.424028
0.053849
0.799040
-0.382890
-0.072149
-0.222991
-0.795929
-0.606514
0.136762
0.253577
0.667520
0.412480
-0.185028
0.196679
0.401531
0.003030
-0.508501
0.674151
0.133791
-0.196831
0.502528
0.279683
-0.755960
-0.045242
0.089558
0.212404
-0.394223
0.068164
0.584889
0.303471
-0.313548
-0.123081
-0.182200
0.027593
-0.497408
-0.476204
-0.180806
-0.515928
0.491344
0.051497
0.567648
-0.181880
-0.516332
-0.220892
0.045277
-0.217334
0.200247
-0.811969
0.179935
0.364829
0.770727
-0.405976
0.160139
-0.456398
-0.482582
0.024771
-0.488761
-0.685712
-0.660953
-0.774567
0.676605
-0.795804
-0.188829
-0.122857
-0.400107
-0.447362
0.000920
-0.485775
-0.150580
-0.375639
-0.446972
-0.137317
-0.612662
-0.410828
-0.061436
0.235301
0.664835
0.202738
-0.224824
-0.207257
-0.613804
-0.759901
-0.701647
-0.396677
-0.107708
0.136658
0.187399
0.423717
-0.465520
-0.672835
-0.688813
-0.306870
-0.345931
0.685271
-0.556028
0.642978
0.026765
-0.069785
0.828573
0.183984
0.118188
0.042456
-0.126766
-0.431185
0.458424
-0.799170
-0.111405
0.760312
-0.447732
0.695344
0.418180
-0.105121
-0.086209
-0.062285
-0.622954
0.492958
0.242174
-0.242695
-0.611329
0.242613
-0.096279
-0.532208
-0.016345
-0.660751
-0.580410
-0.843763
0.336433
-0.099336
-0.130903
0.276422
-0.719057
-0.265647
0.402991
-0.549651
0.446497
0.017267
-0.741195
-0.764432
-0.380354
-0.265324
-0.204206
0.265399
0.729192
-0.118714
-0.685223
-0.626333
-0.124797
-0.050904
0.061363
0.464674
-0.189201
0.337207
0.422093
-0.103913
-0.281597
-0.063169
-0.455652
-0.449878
0.848695
0.672462
-0.701067
0.290357
-0.417814
-0.529907
-0.434387
-0.732813
-0.493014
0.094078
0.023860
0.280019
-0.295443
-0.324459
-0.224007
0.399359
0.000853
0.813226
-0.269298
0.724560
-0.814361
-0.055443
0.004655
-0.187977
-0.465532
0.812498
-0.146299
-0.424038
0.107051
-0.031034
0.064119
0.619978
0.025904
0.276402
0.078743
0.008535
-0.255288
-0.389749
-0.350380
-0.353077
-0.141808
-0.599963
-0.143161
0.242825
0.282088
0.152041
0.380139
-0.515315
-0.326208
-0.075359
-0.540460
-0.085583
-0.389393
0.383695
-0.134406
-0.711399
-0.300175
0.475103
-0.114346
-0.549649
0.808782
0.475779
-0.599320
-0.366678
-0.122687
-0.629677
0.270384
0.698864
-0.309479
-0.278623
-0.224874
-0.081850
-0.632971
0.193457
-0.044619
0.088253
0.622717
0.761868
0.426429
-0.334434
0.393367
0.691335
0.352976
0.171143
0.142831
0.678206
0.274879
0.101391
0.783456
-0.674373
-0.207016
0.213046
-0.357682
-0.144528
0.122320
-0.369976
-0.245236
-0.801356
-0.314135
0.616321
0.130678
0.498169
-0.662738
0.508807
0.827541
-0.697635
0.027086
-0.343559
-0.633846
-0.238455
0.473470
-0.361977
-0.700624
0.498105
-0.663269
0.511761
-0.048102
-0.798996
-0.288353
0.479229
-0.756151
0.534612
0.247147
0.587650
0.045950
-0.231680
0.186967
0.242784
0.341681
-0.417421
-0.239643
-0.825975
0.319488
0.056122
0.513539
-0.369516
0.103604
0.374979
0.627113
0.157672
0.179987
0.777745
-0.232851
-0.236638
-0.706715
-0.570479
0.010019
-0.853744
-0.599685
0.831749
0.607290
0.178402
0.077531
-0.230096
0.266163
-0.310886
-0.093999
-0.563524
-0.583755
-0.857179
-0.645042
0.554272
0.682138
-0.418050
-0.199676
-0.015561
0.376483
0.257047
0.269769
0.131536
0.306608
0.558482
-0.629896
0.625376
-0.417237
-0.263732
0.554468
0.279484
0.444940
0.462477
0.482059
-0.623581
-0.603179
0.178479
0.011402
0.013811
-0.667638
0.424777
0.826170
-0.733646
0.404581
0.441075
-0.644814
0.149295
-0.542389
0.187587
-0.632785
-0.430275
0.532727
0.439260
0.800568
0.244279
0.707222
-0.565608
-0.260122
0.626117
-0.297829
0.852759
-0.773863
-0.843094
0.022970
0.568112
-0.429369
0.111101
0.493711
0.056935
0.023496
-0.612011
0.328550
-0.259537
-0.553288
-0.301753
0.204041
-0.244138
0.343672
0.053299
0.142497
-0.427280
0.616415
0.182772
0.133955
-0.260441
0.411733
-0.650883
-0.590722
-0.061686
0.198659
-0.232317
0.540417
-0.033789
0.838117
0.763233
0.132302
-0.599383
0.815827
0.636003
-0.628978
-0.045836
0.818434
0.357804
-0.242963
-0.320307
-0.117367
-0.615969
0.339859
0.245765
-0.662420
0.644747
-0.495111
0.051315
-0.123414
-0.239767
0.179391
-0.156398
0.762692
-0.358442
0.100106
0.649785
-0.116079
-0.671684
0.410107
-0.384187
0.205787
-0.505626
-0.774610
-0.365265
0.651115
-0.206044
0.081512
0.016341
-0.620226
-0.213951
0.716190
-0.616788
0.688767
-0.184170
0.388346
0.536093
-0.135639
-0.458839
0.665419
0.013929
-0.224698
0.668834
0.756375
0.767877
-0.646210
-0.540918
-0.485877
-0.315610
0.752421
-0.181119
-0.048289
0.457166
-0.300604
-0.372818
-0.733573
0.286400
0.180975
-0.120132
0.490029
-0.288443
0.369789
-0.046821
-0.314539
0.219130
0.218466
0.582193
-0.590163
0.055457
-0.115444
-0.112086
0.777406
-0.500193
-0.785221
0.099890
0.468618
0.582071
-0.616102
-0.096699
-0.344055
0.150505
0.702723
-0.815793
-0.731523
-0.736435
0.262737
0.856042
-0.717907
-0.179938
0.315320
-0.665322
-0.753503
-0.724082
-0.257013
0.316585
0.458635
0.043615
-0.580070
0.699958
-0.782904
-0.384377
0.370224
0.327439
-0.180384
0.356153
0.352462
0.220627
0.496714
-0.022753
-0.328299
-0.551091
-0.364067
-0.400287
-0.007098
0.163408
0.659499
0.580290
-0.144631
-0.135009
-0.041498
0.160658
0.449819
-0.439100
-0.031370
-0.472138
0.399351
-0.023402
-0.281932
0.038997
0.233871
0.770784
-0.387017
0.520004
0.462135
0.305826
0.167987
-0.214514
-0.623281
-0.448424
0.458229
-0.517070
0.614433
0.161365
-0.429379
0.241095
0.214398
-0.220162
-0.678013
0.481391
0.222306
0.564240
0.519728
-0.808791
-0.164080
-0.564376
0.749996
0.722328
0.107949
0.354405
0.394631
-0.508220
-0.112017
-0.703358
0.585828
-0.158265
0.546422
-0.780004
0.282722
0.329884
0.181435
-0.495400
-0.342710
0.441780
-0.680918
0.495097
0.403722
0.085698
-0.687920
0.487145
0.470629
0.456400
-0.701140
-0.466998
-0.291266
0.348518
0.255731
-0.399720
0.746057
0.692396
0.331318
-0.525998
0.483989
-0.145869
0.443747
0.497072
0.109828
-0.309550
-0.806406
-0.117428
-0.160541
0.785805
-0.190348
0.763008
0.189486
-0.060326
0.145641
-0.404737
0.682435
0.835620
-0.201838
-0.045349
-0.020067
0.483627
0.497651
-0.832423
-0.550249
-0.819802
-0.726849
-0.217179
0.337008
0.279445
0.565862
-0.772624
0.407516
0.764168
0.216220
-0.257908
0.632526
-0.182323
0.042764
0.193828
-0.498754
-0.015971
0.100086
-0.518551
-0.648842
-0.507001
-0.770155
-0.085159
-0.836748
0.596631
0.189193
0.523742
-0.571876
-0.568579
-0.314029
0.842893
0.635214
0.016225
-0.178685
-0.620390
-0.508540
0.339295
-0.257885
0.849791
-0.461420
-0.107207
-0.470272
-0.696312
-0.132097
0.533392
-0.279734
0.296004
-0.740554
-0.540449
-0.250949
-0.306913
-0.669290
0.339662
-0.172106
0.372645
-0.411579
0.041478
0.058716
0.397874
0.090731
0.571344
-0.038645
-0.374839
0.088600
0.091285
-0.258442
0.087624
0.614824
-0.345789
-0.334984
0.351338
0.302860
-0.585413
0.254973
0.021573
0.305772
0.563580
-0.419101
0.606012
-0.085843
0.606305
0.699374
0.031051
-0.001730
-0.001650
0.019224
0.161474
0.304295
-0.127823
-0.323297
0.628542
0.631639
-0.714822
0.540596
-0.294609
0.010233
0.103107
0.037133
0.414062
-0.419412
0.330820
-0.801646
-0.628026
0.451428
0.474272
-0.081314
0.304068
0.164822
-0.478157
0.471590
0.214107
-0.674836
-0.555963
-0.072736
0.727774
-0.493051
0.133191
-0.510274
0.063122
-0.752648
0.821761
0.116381
-0.212870
0.761861
-0.350074
0.623878
0.369525
0.713498
-0.226676
0.690793
-0.056573
0.090958
0.159980
-0.415635
-0.481312
-0.369291
-0.280787
-0.622504
0.178332
0.460679
0.499377
0.639308
-0.668803
0.333100
0.007551
0.200705
0.053809
0.287219
0.461104
0.592626
0.467641
0.030791
-0.204280
-0.254061
-0.457730
0.110250
-0.058114
-0.454116
-0.706096
-0.704038
-0.126821
0.006662
0.055884
0.391106
0.573901
0.054007
-0.075617
-0.565792
0.025091
0.059662
0.444739
-0.405646
-0.229968
0.748886
-0.307900
-0.331575
-0.022744
0.706712
-0.205257
-0.745615
0.630015
-0.212367
0.854407
0.243860
-0.521056
0.399037
0.464007
0.178450
-0.164527
0.118059
0.034356
0.538509
0.772477
0.036229
0.850119
-0.299918
-0.233522
0.309437
-0.024333
0.247725
-0.772103
0.164242
0.197793
0.011000
-0.186250
0.031323
-0.494014
-0.265653
-0.451869
-0.056099
0.128883
0.021974
-0.179692
-0.568207
-0.441666
0.818112
-0.128287
0.018538
-0.684927
0.694488
0.321716
-0.162522
-0.528721
-0.166405
0.147159
-0.296125
-0.365469
0.723055
-0.342184
0.529024
-0.295175
0.539253
-0.509730
0.370971
0.320294
0.801286
-0.350976
0.177360
-0.268815
-0.111309
-0.147422
0.476692
-0.189698
-0.510030
-0.095758
0.530117
0.532015
-0.772003
0.199344
0.579028
-0.284255
-0.228634
0.582872
0.543714
-0.795600
-0.049219
0.516199
-0.826944
-0.698711
-0.065797
-0.138451
0.824325
0.120700
-0.641504
-0.389457
0.707654
-0.367238
-0.017529
0.386442
-0.738075
0.802932
-0.476956
0.662340
-0.383910
0.542724
-0.588414
0.209128
0.557747
-0.786425
-0.417093
0.474353
0.566558
-0.599968
-0.327818
0.472275
-0.006049
0.298734
0.015672
-0.574343
0.463598
-0.447307
-0.107514
0.531293
-0.394374
0.309309
-0.422688
0.490723
-0.165941
-0.147817
-0.145970
0.411189
0.588253
-0.784173
-0.672531
-0.602545
0.672335
0.376925
-0.652366
0.114710
0.326355
0.328001
0.241971
-0.433777
0.260809
0.304317
-0.196545
0.810200
-0.703088
-0.186057
-0.313162
-0.257348
-0.261413
0.648913
-0.668706
0.317585
0.762068
0.280056
-0.109302
0.279385
-0.533662
-0.088029
-0.389518
0.248431
0.736480
0.572012
0.683177
-0.087095
-0.059625
-0.700296
0.455620
-0.407004
-0.426371
-0.745262
0.716878
-0.603907
0.847512
-0.791200
-0.016738
-0.519157
-0.252928
-0.502995
0.496950
0.792012
-0.066575
0.477244
0.437677
-0.067779
0.077767
-0.738542
-0.063828
-0.186141
0.395452
-0.511758
-0.457209
-0.351246
-0.547293
0.479053
-0.056272
0.566388
0.351149
-0.038722
-0.606463
0.296650
0.809514
0.498331
0.237200
-0.472453
0.405588
0.529917
0.811393
-0.322800
-0.619757
-0.444568
0.157242
0.605750
0.589783
0.170033
-0.184057
-0.114735
-0.374362
-0.022683
0.817060
-0.449109
0.192818
-0.493346
0.406062
0.149219
-0.538451
-0.186226
0.750769
-0.231185
-0.659900
-0.269805
-0.188426
0.302934
-0.541441
-0.719451
-0.704718
-0.102399
-0.054648
-0.555554
-0.499627
-0.436720
0.396390
0.356165
-0.108962
0.163278
0.810007
0.106478
-0.618603
0.408681
-0.219526
0.103457
-0.484355
-0.577848
-0.130693
0.154370
0.787164
-0.369064
-0.008274
-0.447073
-0.840622
0.110146
-0.848724
0.627542
-0.029144
0.052482
0.311586
-0.197695
0.377670
0.715598
-0.126101
-0.485233
0.497098
-0.513614
0.470318
-0.437722
-0.719000
-0.472740
0.470173
0.287474
0.417326
0.553029
-0.171438
0.150824
0.513155
-0.417710
0.083192
0.555631
-0.178646
0.212161
0.677317
-0.448363
0.648768
0.589594
0.844853
0.529239
0.031357
0.248663
-0.711070
0.189900
-0.044465
-0.524957
-0.372402
0.681513
0.499125
-0.398378
-0.201883
-0.721825
-0.626422
0.806656
0.152355
0.216123
0.443744
0.402895
-0.682773
-0.779824
-0.287999
0.365345
0.374174
0.711415
0.120727
-0.664403
-0.260368
0.489928
-0.117008
-0.247235
-0.145208
0.852864
0.213224
0.018470
-0.089890
0.600682
0.073997
-0.776890
0.723409
-0.524168
-0.054844
-0.323713
-0.844651
-0.566195
-0.461985
-0.244558
-0.112693
0.169162
-0.595881
-0.318911
-0.793726
-0.651346
0.189733
-0.256247
-0.723673
0.479352
-0.086488
-0.713020
0.439992
-0.465260
0.591799
-0.422105
0.306033
-0.543917
-0.326121
0.608423
-0.517236
0.551594
0.268768
0.546383
0.414690
0.061181
0.459649
-0.361745
0.285986
-0.273955
-0.589938
-0.254303
0.266767
-0.570657
-0.605515
0.213986
0.173738
-0.483962
-0.711225
-0.379381
0.797227
-0.834326
-0.749208
0.144899
0.545432
-0.690160
-0.223782
-0.260701
-0.063843
-0.459527
-0.803776
0.312362
-0.144184
0.166224
-0.348684
0.033602
-0.603717
-0.561401
-0.568755
0.146603
0.260191
0.087387
0.505584
0.321873
-0.554160
0.137115
-0.523940
0.254403
-0.001928
-0.317364
-0.387869
-0.429999
0.259289
0.406630
-0.522853
-0.057602
-0.008763
0.825761
-0.730642
-0.594183
-0.579362
0.354944
-0.838782
-0.597765
-0.081215
0.392356
0.805026
0.588242
-0.472058
0.076897
-0.237509
-0.820065
0.351469
-0.443050
-0.178584
0.033472
0.820138
-0.581472
0.173990
0.677436
-0.148902
0.004456
-0.272333
0.221301
-0.655802
-0.238038
0.085217
0.561753
-0.388532
0.629130
-0.427268
-0.482764
0.161175
-0.107271
0.254514
0.135076
0.686263
0.626833
-0.569345
-0.500163
-0.300204
-0.614332
0.755641
-0.366519
0.638640
0.784557
-0.595924
-0.578988
0.168376
-0.580197
0.626723
-0.818609
-0.274745
-0.485737
-0.304689
-0.271018
0.215662
-0.427963
-0.207825
-0.776874
-0.587856
-0.581840
0.822797
-0.082497
0.814443
-0.054055
-0.383297
0.799459
-0.437196
-0.352355
0.571840
0.210003
-0.259085
-0.640506
0.339999
-0.279296
0.484518
0.803853
0.696769
-0.223419
-0.059751
-0.801860
-0.660466
0.566744
0.686388
-0.617867
0.808078
-0.793294
0.130008
-0.776494
0.319578
0.577114
0.450365
0.183458
0.243440
0.096869
-0.554122
-0.532590
0.596605
0.688411
-0.097760
0.384707
0.059231
-0.837170
0.404239
-0.689458
0.829209
0.665468
0.745980
0.371425
0.011089
0.491705
0.607202
-0.315127
-0.754190
0.508212
0.209477
0.789651
-0.282280
-0.638334
-0.651669
0.717606
-0.148271
-0.064632
0.564913
-0.138285
0.223578
-0.833790
-0.327092
0.584972
-0.688282
-0.546123
-0.456166
0.724965
-0.034578
0.681793
-0.594674
0.492844
0.357819
-0.798829
-0.724750
0.525231
0.158333
-0.657352
0.275070
0.465102
-0.393066
-0.124334
-0.084703
-0.531596
0.562021
-0.194990
0.650924
-0.658016
0.196188
-0.043835
0.698129
-0.078740
0.610821
0.282497
-0.542175
0.488337
0.537402
0.443934
0.302582
-0.446160
-0.094680
0.755672
0.162507
-0.431063
-0.165629
-0.603157
-0.169559
-0.045705
0.160122
-0.115176
-0.002533
-0.292789
-0.477216
0.074259
-0.285247
-0.434327
-0.431708
-0.219368
-0.745776
-0.614729
-0.422767
0.172736
0.636173
0.398885
-0.006507
-0.051340
-0.676286
0.642967
-0.383968
0.566825
0.351147
-0.644564
0.457966
0.390199
0.233736
-0.342734
-0.805047
0.616854
-0.692055
-0.223968
0.286499
0.821629
-0.388825
0.484974
0.261447
-0.043882
0.774839
0.313569
-0.321839
0.721019
-0.537637
-0.470883
0.692797
-0.083743
-0.040774
0.226183
0.261125
0.609028
0.058421
-0.090996
0.443809
0.098450
-0.787760
0.696347
0.749215
0.776742
0.374158
-0.588945
0.332400
-0.320352
-0.321670
-0.006920
0.234512
-0.483362
0.358949
-0.048060
0.808509
-0.529080
-0.309989
-0.593581
-0.505612
0.344317
-0.238752
0.285776
0.190250
-0.149798
-0.810640
0.031228
0.249618
0.447912
0.048519
-0.114907
-0.830197
0.794117
-0.058566
0.698502
0.542392
0.676813
0.752855
-0.812448
-0.452936
-0.422951
0.112922
-0.386871
0.113525
0.555440
0.735099
-0.008774
-0.587609
0.750326
-0.648244
-0.576096
-0.517188
0.699646
-0.150692
-0.328420
-0.194672
-0.274141
-0.005048
-0.442542
-0.769592
-0.718381
0.850399
-0.341012
-0.436020
0.138685
-0.847645
-0.346558
-0.534694
-0.306400
0.803227
-0.498172
-0.022781
0.330890
0.126743
-0.661645
-0.854536
-0.021309
0.352275
0.393961
0.502297
-0.801374
-0.635985
0.854432
0.178474
0.198714
0.719606
0.080420
0.543775
0.433368
-0.219640
-0.460655
-0.334471
0.201503
-0.519163
0.193817
0.452546
0.801968
0.636008
0.464645
0.827852
0.530310
0.169375
-0.410785
-0.685022
-0.691180
-0.532980
-0.766225
0.009376
0.002513
-0.180077
-0.503430
0.658922
-0.302238
0.392145
0.496286
0.001525
0.519256
0.201095
0.543528
-0.066930
-0.749130
0.003597
-0.632598
-0.521262
-0.784626
-0.078056
0.616900
0.057984
-0.836371
-0.051539
-0.222047
0.197098
-0.098576
-0.532339
-0.390404
-0.417055
-0.569183
-0.696744
-0.593683
-0.611122
0.344067
0.111941
-0.192009
-0.095994
0.490405
0.708279
-0.319449
-0.391143
-0.207636
0.677385
-0.534174
-0.770490
0.325233
-0.292100
-0.730221
0.066957
-0.698041
-0.283884
-0.496787
-0.844361
0.028402
0.715969
0.426435
0.028743
-0.606472
-0.497882
-0.197019
-0.558573
0.788109
0.093776
-0.166748
0.769545
0.285199
0.488261
0.130922
-0.698747
-0.268526
-0.410947
-0.765359
0.144390
-0.540841
-0.078701
0.085341
-0.794378
0.396421
-0.699977
0.441620
0.402017
-0.211653
-0.503753
0.706532
-0.502404
-0.170477
-0.257389
-0.076674
-0.243011
-0.347146
-0.065963
0.519872
-0.837077
-0.082908
-0.134806
0.286748
-0.293149
-0.714548
-0.428701
0.034403
0.355735
0.332192
-0.347388
-0.420629
-0.216299
0.768316
-0.068388
0.357673
-0.728154
0.438335
-0.443462
0.633951
-0.067916
-0.109783
0.388308
-0.764014
0.069386
0.812328
0.623901
-0.055132
-0.008702
0.525927
-0.423598
0.276319
0.179623
-0.488826
0.494485
-0.325423
0.025866
0.377257
0.837782
0.771433
0.005092
-0.572089
0.520070
0.493910
0.436914
0.590128
-0.211466
0.064825
0.716610
0.786169
-0.456849
-0.154287
-0.745967
-0.001950
0.030800
0.352662
0.038464
0.664400
0.810562
0.138396
0.155775
0.154829
0.093456
-0.331085
-0.183052
-0.073321
0.251775
-0.090734
0.485567
-0.344072
0.415025
-0.293467
0.323725
0.609083
0.738515
0.155068
0.308435
0.754888
0.649016
-0.748520
0.754759
0.672650
-0.362662
0.552076
-0.466788
-0.247533
-0.843431
-0.220894
0.798887
0.666672
-0.199107
-0.798939
-0.035040
0.410595
-0.089631
0.235578
0.721326
0.661955
-0.084199
-0.115476
-0.475423
-0.216244
0.215712
-0.521318
0.243049
-0.633330
-0.626805
-0.048481
0.424625
-0.714119
0.072797
-0.466645
0.206199
0.504980
0.490452
0.171342
0.848755
-0.495841
0.602693
-0.642073
-0.363831
0.360384
-0.204183
-0.039630
-0.416580
-0.774084
-0.565566
0.100986
0.047987
0.240833
0.405556
0.419015
-0.416466
-0.396074
-0.318661
-0.304644
0.670712
0.003487
0.689105
0.123178
0.200093
-0.794638
-0.458954
-0.486619
0.648141
0.179213
0.086745
0.025387
0.517176
-0.512531
-0.469120
0.044461
0.169165
0.089503
0.494212
-0.742531
-0.058593
-0.642696
0.384899
0.227629
-0.069239
0.211937
-0.667300
0.277728
0.220768
-0.154995
-0.693367
0.570130
-0.798086
0.691559
-0.460449
-0.019308
0.131481
-0.645449
0.091660
0.634491
0.140950
-0.115163
0.462648
0.021544
-0.358420
-0.602234
0.825764
-0.501215
0.311749
0.324945
-0.797151
-0.171664
-0.131288
-0.560995
0.274086
0.174477
0.334756
-0.544057
0.339959
0.232106
-0.419600
0.248929
-0.010837
0.601919
0.693732
0.613294
-0.160958
-0.706579
0.205506
-0.783828
-0.442686
-0.099433
0.047189
0.245269
-0.017662
-0.035597
-0.274514
-0.656429
0.475565
-0.538898
-0.027775
-0.753967
0.200144
0.630670
0.635332
-0.351991
0.087515
-0.730224
0.619957
0.359570
-0.338101
-0.275104
-0.313898
0.699576
-0.486475
0.044569
0.208135
-0.002042
-0.028407
-0.540852
-0.201336
0.555011
-0.236224
-0.290193
0.254037
-0.291783
-0.313826
0.738533
0.192151
-0.782370
-0.513569
-0.263816
-0.208929
-0.430479
-0.743691
0.782587
0.494760
0.136683
0.492500
0.665632
-0.498362
-0.834174
-0.268865
0.379334
0.559498
0.380253
0.432005
-0.201363
0.682685
-0.338018
-0.733483
0.663424
-0.445053
0.446506
-0.735312
-0.096534
0.813762
0.183630
0.060953
0.123083
0.075605
0.089445
-0.288189
-0.664297
-0.420479
-0.300841
0.321265
0.414385
0.525262
-0.533781
-0.160578
0.655251
-0.321873
-0.200113
-0.014258
-0.165167
0.620940
0.113222
0.169081
-0.803777
0.303070
0.098783
-0.085627
0.712012
-0.790118
-0.372360
-0.182662
-0.161816
-0.459406
0.545544
-0.314596
-0.110932
-0.075910
-0.793280
0.242457
0.214748
-0.537263
-0.676978
-0.733867
-0.637841
0.316284
-0.481165
0.554472
0.374565
-0.728745
0.163393
-0.187008
0.573341
-0.629096
-0.245976
-0.692632
0.160004
0.094720
-0.546893
0.667985
0.657756
-0.207347
0.518828
0.311245
-0.266833
-0.366424
-0.576760
-0.543729
0.538982
0.806989
0.795668
-0.160947
0.594227
0.430241
0.721058
0.487291
0.527918
-0.369923
0.375769
0.114030
0.498991
-0.485567
0.533307
0.234691
-0.597097
-0.272684
0.773897
-0.068296
0.454876
-0.148121
-0.389349
-0.589786
0.539853
-0.646879
-0.572176
0.043834
-0.089614
0.149489
-0.446055
-0.223022
0.785768
0.014353
0.546741
-0.016801
-0.057160
0.316118
0.424688
-0.380756
0.689786
0.127831
0.778426
0.829726
0.033532
-0.264593
0.589497
0.567681
0.102278
-0.282999
-0.751896
-0.105761
0.315948
-0.182651
-0.654382
-0.543369
0.267071
-0.304311
-0.418493
0.488390
0.815427
-0.502948
0.677210
0.069560
-0.002540
-0.496547
0.723433
-0.196931
0.332140
0.604850
-0.802365
0.821513
0.842657
0.324302
0.084621
0.380497
-0.236549
-0.241056
0.560873
0.254837
-0.165140
-0.062150
0.474089
-0.066995
0.045799
0.128242
0.568500
0.143133
-0.292467
-0.769984
-0.765845
0.672171
-0.033164
-0.602666
0.373956
0.566031
-0.283534
0.829381
-0.076108
-0.201667
-0.339632
-0.312308
-0.187263
0.594527
0.121861
-0.224720
0.784374
-0.365382
0.170212
-0.070491
-0.482452
-0.668887
0.200195
0.268835
-0.246352
0.352689
0.809882
0.179463
0.173967
0.110076
0.449563
0.614689
-0.181220
0.466312
0.113961
0.029354
0.236256
0.620609
-0.380503
0.741617
-0.325493
-0.397761
-0.788966
-0.121125
-0.123451
0.318023
0.263468
0.455606
-0.384665
0.657768
-0.633969
-0.041148
-0.626671
0.512385
-0.782722
-0.651389
0.257918
0.336447
-0.461344
-0.410336
-0.249136
-0.369007
-0.723959
-0.189864
0.554242
-0.480474
0.804466
-0.227025
-0.419258
-0.081068
0.509362
0.708700
-0.556247
-0.473078
0.610361
0.115895
0.704811
0.216323
0.043033
-0.728457
-0.524527
0.596676
0.539293
0.849608
-0.302129
0.330375
0.465963
0.110132
-0.390593
0.647442
0.638027
-0.633732
-0.840079
0.743244
0.498501
-0.830098
0.097706
-0.666159
-0.036714
-0.079065
-0.074429
-0.070248
-0.003776
0.734177
-0.810528
-0.025805
0.382969
0.693440
0.328827
-0.817261
0.166987
0.009331
0.313859
0.583218
-0.776221
0.299333
-0.292682
0.157297
0.018307
0.603685
-0.087197
0.533305
0.476479
-0.835652
-0.317784
-0.817480
-0.032120
-0.129289
0.521084
0.464175
-0.189502
-0.094149
-0.616461
0.747995
-0.271514
-0.130664
0.102405
-0.455818
0.405442
-0.146593
-0.110636
0.121021
-0.834731
-0.633420
-0.310962
0.579885
-0.189453
0.482947
0.399819
-0.328320
0.573322
-0.546376
0.680084
0.292274
-0.262482
0.124958
-0.089925
0.404423
0.140757
0.062550
0.051262
-0.729609
0.449588
-0.139966
0.047111
-0.269977
0.225180
-0.320225
-0.245742
0.055025
0.474283
0.352996
-0.141950
0.560106
0.720558
-0.190671
0.379601
-0.856656
0.405723
0.695311
-0.489259
0.185299
-0.756402
-0.826942
-0.451737
0.071651
0.198624
0.362418
-0.725797
-0.076504
-0.187511
0.300170
0.572397
0.385749
-0.654577
0.729145
-0.338012
0.487098
0.124873
-0.117912
0.660340
0.051747
0.115622
0.012212
-0.649352
-0.309249
-0.023189
-0.398965
0.806622
-0.275023
-0.473868
0.607196
0.324386
-0.407557
0.069800
-0.722177
0.015014
-0.607322
-0.635362
-0.142174
-0.091468
-0.026407
0.076415
0.350469
0.546504
-0.468656
0.018313
-0.055266
-0.518743
0.626375
-0.010315
0.339793
0.038609
-0.103564
-0.560962
0.156587
-0.069176
-0.034951
-0.155007
-0.235070
0.456809
-0.376078
-0.710070
0.522788
0.612981
-0.149620
0.207285
-0.546070
0.697394
-0.256912
-0.679338
-0.456200
0.144985
-0.729025
0.560925
0.714252
0.264468
0.330975
-0.531485
-0.450292
-0.023435
-0.086633
0.790946
-0.655698
0.284675
-0.475167
-0.817454
-0.510666
0.568435
0.115909
0.410282
0.445706
0.497280
0.177561
-0.466039
0.579915
0.383368
-0.525085
-0.400487
0.684195
0.586962
0.220414
-0.121066
-0.369907
-0.370490
-0.396234
0.690117
-0.851504
0.321406
0.221722
0.162562
0.768341
-0.543892
0.165176
-0.447000
-0.556837
-0.802769
-0.033449
0.091628
-0.666887
-0.389119
0.493584
0.157380
-0.185209
-0.393693
0.283261
0.613592
0.777102
0.638058
-0.520137
0.049392
0.764722
-0.253990
0.623795
-0.404960
-0.493388
0.429956
-0.194277
0.384306
0.130216
0.554247
-0.152428
-0.662560
-0.368665
-0.015351
-0.067786
-0.377610
0.498364
-0.524910
0.027117
-0.522410
-0.170970
-0.609454
0.315553
-0.254120
0.548884
-0.770803
-0.236947
-0.700985
0.519864
-0.381589
-0.105161
0.571349
-0.485952
-0.256996
0.538580
0.390707
-0.018279
-0.440738
0.262383
-0.433577
0.332308
0.471386
-0.621753
0.470235
0.683784
-0.132847
0.307543
0.388794
-0.524881
-0.757992
-0.016590
0.020347
0.381882
-0.417155
-0.280016
-0.820048
-0.481933
0.623466
0.165862
0.671476
0.722070
0.735053
-0.150635
0.293949
-0.329742
0.055695
0.431940
0.013820
0.450155
0.371779
-0.554984
-0.268733
0.499705
0.221897
-0.067715
0.677451
0.420144
0.403180
-0.493710
0.472938
0.221535
0.087810
-0.631188
-0.740836
-0.673988
0.524859
-0.054220
-0.111755
0.645503
0.440834
-0.615456
0.801213
-0.341386
0.080370
0.325305
0.125099
-0.694942
0.320159
0.570253
-0.426602
0.821967
-0.816795
0.309624
-0.430894
-0.661402
-0.466043
-0.302644
-0.532565
-0.686924
0.744338
-0.256875
0.241290
0.647192
-0.373341
0.485870
-0.285500
0.574865
0.401508
-0.335668
-0.219846
0.654592
0.661179
0.310337
0.247711
-0.413370
-0.160797
-0.612287
0.329601
-0.432227
0.153672
0.644641
0.433883
0.047639
0.347452
0.119841
-0.228899
0.533298
-0.133643
-0.241946
0.754339
-0.845292
-0.314447
-0.430613
0.219143
0.707343
0.531288
-0.124053
0.759259
-0.502068
-0.281695
0.382406
0.615954
0.059199
-0.266079
0.771659
0.553800
0.127935
-0.614688
-0.148097
0.623598
-0.283868
0.503943
-0.762446
-0.327054
-0.339289
-0.242134
-0.451587
0.114452
-0.852444
0.701686
-0.805429
0.559159
0.661445
0.394244
-0.191065
-0.469187
0.227120
0.176743
0.626433
0.782127
-0.129345
0.336150
0.255849
-0.086428
-0.679268
0.243733
-0.528117
-0.678440
-0.149489
-0.171231
0.788715
0.198438
-0.836320
0.227703
0.271865
-0.085053
-0.026631
-0.606521
-0.221080
-0.774519
-0.319263
0.160310
0.230935
0.235514
-0.106250
-0.321342
0.253985
-0.207760
0.344436
-0.829580
0.741121
0.126855
0.749892
0.234411
0.200023
-0.211402
-0.638326
-0.348759
-0.688628
0.451578
0.808320
-0.065360
-0.154323
0.335437
0.319724
0.017934
0.183779
-0.378319
-0.649209
0.790561
-0.103476
0.516381
0.452020
-0.511151
-0.102780
-0.214070
0.787730
0.150321
0.461778
0.852599
0.413788
0.818667
0.340312
0.056728
0.203859
0.042757
-0.619397
0.476010
-0.171330
0.755081
-0.831453
0.643090
-0.814455
0.694604
0.416793
-0.622245
-0.727629
0.163589
-0.395842
0.458680
0.251215
-0.459960
0.052103
0.757004
0.219273
-0.726546
-0.073236
0.746025
0.749901
0.349504
0.529236
0.731615
0.854626
0.691537
0.237034
0.430412
0.214941
0.168908
0.444264
0.747982
0.736907
0.368304
-0.050158
-0.171149
-0.363095
-0.427053
-0.051652
0.427861
0.485552
0.109146
0.445496
-0.637030
-0.318635
-0.266827
0.689492
0.496009
0.264391
0.738642
0.318038
-0.302080
0.456721
-0.348547
0.704780
-0.415824
0.281529
-0.570896
-0.602764
-0.345827
-0.420586
-0.330391
-0.433586
0.221148
0.091214
0.196602
0.620085
0.686640
0.258114
-0.836103
0.042407
-0.492499
-0.357261
-0.802617
0.634994
-0.231410
-0.612246
0.770937
-0.668835
0.773845
-0.262123
0.409481
-0.823586
-0.756978
-0.124483
0.242803
0.193199
0.410870
0.313016
-0.624978
0.717098
-0.468548
-0.450530
-0.321438
-0.421428
-0.378286
0.484328
0.258060
0.400349
0.125118
0.020338
-0.417338
-0.640363
-0.814860
-0.399357
0.273010
0.129730
-0.253157
-0.091841
0.255952
-0.308977
-0.447065
-0.498563
-0.460270
0.211597
-0.320315
-0.753425
0.223116
-0.826548
0.609702
0.041953
0.674284
0.757105
0.846786
-0.721332
0.771809
-0.002418
-0.359433
-0.638338
-0.142757
-0.218219
0.370634
0.350461
0.307158
0.810481
-0.397601
0.369873
0.342923
-0.063850
-0.217806
-0.626927
0.689546
0.526194
-0.275702
-0.425074
0.342529
0.369262
0.449845
-0.147755
0.494430
0.376555
-0.279008
0.079815
0.374779
-0.730884
-0.170084
0.818880
0.727078
-0.007279
0.811008
-0.777810
0.022176
0.608687
-0.637191
0.536178
0.329859
-0.495325
-0.065446
-0.283229
-0.523997
-0.423278
0.855185
-0.120865
0.062337
-0.394552
0.622595
0.623940
-0.010744
-0.028080
0.641773
-0.563022
-0.033144
0.046509
-0.266919
0.642609
-0.457238
-0.458158
-0.289410
0.707993
-0.180554
-0.601681
-0.323751
0.600647
0.614921
-0.578873
-0.644478
-0.581397
-0.743073
-0.140595
-0.036139
-0.755499
0.548059
0.311092
-0.059031
-0.022253
-0.410184
0.647431
0.714535
-0.043028
0.452814
0.488276
0.154394
0.164609
0.237755
0.333855
-0.638723
0.334870
0.019087
0.496520
-0.283266
0.819628
0.073899
0.289319
0.651429
-0.622154
-0.671056
-0.491343
0.198847
0.004416
-0.186738
-0.502636
0.151352
0.274305
-0.764864
-0.133929
0.325335
0.097531
-0.316520
-0.743520
-0.410947
-0.634570
-0.169305
-0.804066
0.589785
0.455081
-0.286263
-0.758219
0.121818
0.403159
0.272365
0.139165
0.603676
0.248291
-0.499533
-0.173892
0.383645
0.337385
0.395689
0.022641
0.373151
-0.163336
-0.074464
0.549087
0.274650
-0.681301
0.247381
-0.398891
-0.072334
0.772438
0.023169
0.718048
-0.161394
0.342822
0.701492
0.175229
0.030772
0.233884
0.326681
-0.011906
-0.254155
-0.227799
0.468668
-0.493587
0.612019
0.391956
-0.467833
-0.315569
-0.118324
-0.636365
0.478359
0.020501
-0.271021
-0.448227
-0.418805
0.481175
0.387473
0.157175
0.833590
0.605195
0.743571
-0.538809
0.369670
0.488909
-0.532148
0.594951
-0.743520
0.381950
-0.086922
0.209103
0.388740
-0.218103
0.247462
-0.079659
-0.277247
0.150468
-0.738401
-0.805395
-0.202511
0.820344
0.323516
0.508260
0.136635
-0.493761
0.147008
0.728679
-0.477891
-0.407032
0.371441
0.682069
-0.653942
0.456504
0.568549
-0.148236
-0.221678
0.103365
0.094414
0.271293
-0.533905
-0.264749
0.460470
-0.301676
0.073132
0.748823
-0.773170
0.182402
-0.337391
-0.617817
0.404356
0.823450
-0.616096
-0.307042
-0.449596
-0.594995
-0.249752
0.503900
0.304206
0.786788
0.478296
-0.841948
0.703963
-0.390537
-0.688888
0.684878
0.261173
0.228467
-0.142801
0.576756
-0.829036
0.677333
0.563985
0.437788
0.228733
0.165013
0.828708
-0.461130
-0.282222
-0.002018
-0.241059
-0.817140
-0.400817
-0.175534
-0.174331
0.430189
0.295402
0.034902
-0.677335
0.439374
0.304367
0.166746
0.449652
-0.646951
0.056371
-0.161295
-0.577793
0.540556
0.543924
-0.266647
0.287588
0.225543
-0.328059
-0.436125
0.705945
0.410311
0.019936
0.719555
-0.004807
0.548550
0.052803
0.474935
-0.734120
0.755336
-0.019804
0.317894
-0.468429
-0.629208
-0.366664
-0.349131
0.837706
-0.098526
0.565327
-0.282747
-0.656136
-0.297616
-0.512295
0.078106
-0.566656
0.099145
0.017785
0.508735
0.431520
0.167378
-0.308909
0.824022
-0.644599
0.465845
-0.182765
0.509789
0.713323
-0.014136
0.730035
0.262848
-0.744319
0.503426
0.041699
0.021651
-0.786770
-0.327365
-0.010981
0.117734
-0.022067
-0.096167
-0.495306
0.009196
0.102268
-0.808605
0.113670
0.083536
-0.124478
0.757160
0.495330
0.282546
-0.686489
-0.212011
0.404574
-0.496756
0.074799
-0.389014
-0.018500
-0.511614
0.084696
-0.233404
-0.450597
0.319540
-0.016482
-0.685742
-0.147736
-0.412292
-0.286884
-0.257311
-0.385860
-0.118209
0.438003
0.603771
-0.814253
0.542198
0.143828
-0.009476
0.619547
0.649142
0.688163
-0.570441
-0.384383
-0.341194
0.578256
-0.221676
0.386456
-0.163447
-0.243654
-0.715551
-0.031037
0.694087
0.734975
0.551042
-0.063218
0.182369
0.511625
-0.039259
0.389735
0.328239
-0.172997
0.503281
0.001667
-0.593572
0.681279
-0.025058
0.290105
-0.158831
0.274368
-0.366833
-0.759960
0.213781
0.400908
-0.150626
-0.017877
0.334304
0.306063
0.471772
0.330070
-0.266380
-0.512363
0.107116
0.777067
-0.565736
0.444880
-0.699087
0.083218
0.545194
-0.428083
-0.594411
-0.315272
0.508659
-0.695340
-0.275588
0.659810
-0.074602
-0.144667
0.571626
-0.455480
-0.735140
0.666727
0.827522
-0.636276
-0.801676
-0.466845
-0.795922
-0.032609
0.093829
-0.715304
-0.507481
-0.525181
0.000601
-0.146454
-0.163701
-0.678592
0.616302
-0.443799
-0.297736
0.447879
0.335458
-0.559152
-0.110688
-0.718178
0.139641
-0.094419
0.820171
0.733848
-0.063221
0.727290
0.000999
-0.031688
0.752976
-0.048907
0.674003
-0.072763
-0.673255
-0.435705
0.418166
0.767830
0.580446
-0.339581
-0.739694
0.677605
0.226214
-0.779204
0.664217
0.152648
0.346567
0.308710
-0.584637
0.372976
-0.119802
-0.424184
0.046033
0.687135
-0.188230
-0.718780
-0.547451
-0.033379
-0.136766
-0.715709
0.080543
0.631826
-0.359598
-0.385862
-0.094056
-0.254805
-0.532261
-0.285514
0.795240
-0.311397
0.154970
-0.695170
0.303142
-0.686110
0.290360
-0.333369
0.786224
-0.461988
-0.800787
0.281182
-0.734077
0.420274
-0.393282
-0.319037
-0.132701
0.262226
0.123138
-0.507582
-0.066028
-0.684474
-0.434092
-0.076659
-0.232565
-0.029689
0.191618
-0.707441
0.181025
-0.586415
0.731267
0.540235
0.106698
-0.294364
0.548048
0.100306
-0.170912
-0.377040
-0.504176
-0.066767
-0.820580
-0.766304
0.679052
-0.201171
0.230610
0.042923
0.582695
0.548418
-0.551311
0.448203
0.249196
0.234805
-0.780396
-0.466825
0.587396
-0.040518
0.041128
-0.346362
-0.286380
-0.121388
-0.453653
-0.724211
0.639836
0.416953
-0.347014
-0.316243
0.522993
0.064048
-0.468246
0.096013
0.128385
-0.413107
-0.048512
0.147830
0.155986
0.072383
-0.082025
0.624506
-0.093174
0.351166
0.239876
-0.853268
0.842060
-0.693650
-0.436843
0.704053
-0.585816
-0.553533
-0.797145
-0.718961
0.040192
0.251996
0.350146
-0.651808
0.255311
0.266248
-0.050112
0.180224
-0.193939
0.191719
0.405849
0.402618
-0.785590
-0.398771
-0.691346
-0.367081
0.196291
0.053432
-0.424965
0.824423
0.342308
-0.013403
-0.720828
-0.167002
-0.295357
0.507021
-0.343161
0.437552
0.391022
-0.301025
-0.472661
-0.178937
0.703646
-0.056270
0.584165
0.820400
-0.736736
0.230591
0.679364
0.341481
0.178245
-0.739685
0.626487
0.112674
-0.534282
0.191792
0.454012
-0.613958
-0.467342
0.045379
0.849258
-0.000600
0.776079
-0.089046
-0.837774
0.524327
0.138167
-0.504875
0.674498
0.024725
0.675908
0.720134
0.761203
0.736615
-0.122542
-0.106632
0.095455
-0.730880
0.820026
-0.045079
0.513903
0.566276
0.442104
0.125553
-0.785524
0.335491
0.013836
0.648145
0.719166
-0.087700
0.197385
0.003681
-0.378676
-0.705788
0.670014
-0.827434
0.623565
-0.823847
-0.418469
0.444118
0.739221
-0.755967
-0.161110
-0.060479
-0.212359
0.314863
0.473433
-0.528528
0.790155
0.667631
0.040047
0.811960
0.385540
0.060195
-0.617339
-0.836548
-0.482826
0.364667
-0.358978
0.146267
-0.224890
0.215110
0.545602
-0.581499
-0.505433
-0.239147
0.516212
-0.529479
-0.365846
0.368518
0.057203
0.521469
0.750948
-0.056609
-0.337566
-0.704699
0.496265
0.360774
-0.404138
-0.786720
0.462008
0.772033
-0.210075
0.848556
-0.572496
0.223604
-0.390748
0.419823
0.171904
0.585787
0.284991
-0.484660
-0.029018
-0.225672
0.546561
-0.743702
-0.214514
0.033837
-0.436694
-0.717770
-0.598031
0.630028
0.174359
0.197061
0.746763
0.226344
-0.404135
0.723308
0.367377
0.287963
0.813505
0.479321
0.288755
-0.470497
0.530760
-0.102098
0.732601
-0.616323
0.446019
-0.353067
-0.761897
-0.691046
-0.810729
0.520041
-0.470920
0.616100
-0.555354
-0.675670
-0.478604
-0.174142
0.255367
-0.481376
0.099264
-0.482044
0.328568
0.455497
0.826749
-0.461446
-0.837322
-0.104413
-0.619253
-0.260344
-0.243515
0.090034
-0.621298
0.643781
-0.642498
-0.176641
0.600825
0.435996
-0.546178
0.233754
-0.547059
0.706287
0.414325
-0.026692
0.573724
-0.038854
-0.514430
-0.099465
0.538967
0.566606
-0.391562
-0.452535
-0.784463
0.722011
-0.407909
0.662726
-0.668936
-0.785334
0.415757
0.356621
0.653095
-0.406600
-0.016857
-0.637204
-0.618401
0.216333
-0.129041
0.018985
0.151360
0.310225
-0.111371
0.314542
0.548235
-0.733287
-0.332353
-0.645788
-0.794667
-0.469990
-0.627848
-0.403981
-0.566935
0.057574
-0.562541
-0.218803
-0.758057
-0.308066
0.179592
0.399847
-0.499299
-0.518234
0.834037
0.609688
0.095251
-0.253329
0.767563
0.257268
-0.588269
-0.749150
0.023485
0.179391
-0.670977
-0.652404
-0.725313
0.619019
-0.836046
-0.608542
-0.457598
-0.770036
0.178818
0.307301
-0.421089
-0.111900
0.026501
-0.148308
0.747117
-0.186622
0.105105
0.241997
-0.074650
0.335301
0.258205
-0.855603
0.679140
0.160910
-0.304692
0.128464
-0.362043
0.127718
-0.477456
-0.308111
0.172145
0.021800
0.026652
-0.734556
0.659597
-0.475320
-0.401648
0.390728
0.600248
0.024059
0.745510
0.072397
0.413245
0.539027
0.065371
-0.096656
0.770861
0.322550
0.290405
0.017518
0.307566
0.419740
0.767666
-0.027983
0.035190
0.527740
0.224813
0.595684
0.202274
0.259694
-0.067883
0.690019
0.292124
0.549807
0.447608
0.389117
-0.683704
-0.803417
0.505024
-0.633572
-0.675351
-0.841704
0.699093
0.157939
0.060893
-0.030684
-0.316017
-0.810130
0.645548
0.512386
-0.079097
0.635979
-0.253011
0.361620
-0.773969
0.272937
0.633650
-0.155411
-0.809022
-0.046402
-0.715548
0.168500
0.498883
-0.652972
-0.007252
-0.493754
-0.215098
-0.411315
-0.655535
-0.423297
0.661064
-0.550783
-0.591215
-0.564185
0.458828
-0.746272
-0.243039
0.786726
-0.744038
0.541314
-0.376173
-0.099562
-0.492034
0.626786
-0.509771
0.060101
0.529662
-0.829356
-0.408564
0.151065
-0.741608
0.669986
0.626321
-0.409201
-0.369480
-0.740054
0.204118
0.193738
0.506280
0.511431
-0.502653
0.283103
0.833460
-0.594696
0.811042
0.267844
0.106769
0.764082
-0.303562
-0.728077
0.463485
-0.529536
-0.364278
0.362744
0.105496
-0.626507
-0.278015
-0.657125
-0.186725
-0.450154
0.158140
-0.033010
0.447415
0.327686
0.175358
0.816534
0.187417
-0.333878
-0.350767
0.395804
-0.170857
0.662267
-0.007364
0.029045
0.007668
-0.630317
0.377063
0.828029
-0.232197
-0.552998
0.516767
-0.166443
0.766346
0.251655
-0.786440
0.270629
-0.530635
0.520366
-0.833824
-0.136684
-0.533108
-0.529863
0.601691
0.372480
-0.501711
-0.477697
0.702093
0.773293
0.091102
-0.827576
0.160422
0.400053
0.805591
0.033604
0.030323
-0.826404
0.536881
-0.637778
-0.830355
0.735496
0.140297
0.023861
0.655930
0.243479
0.364234
0.705037
-0.203467
-0.165253
0.759021
0.202244
0.215888
-0.040218
-0.831282
-0.477706
-0.290982
-0.072874
0.075249
-0.535101
-0.808767
-0.211849
0.728365
0.439306
0.803123
0.695856
0.029235
0.481858
0.041517
-0.078774
-0.603348
-0.720542
0.566515
-0.703691
0.438247
-0.738284
-0.478896
-0.463011
0.147995
0.792462
0.009304
-0.437020
-0.209751
-0.616408
-0.730953
0.127792
-0.469861
-0.091219
0.192811
0.779360
-0.156858
0.612584
0.371042
-0.825280
0.311096
0.709649
0.240432
-0.203421
0.274543
0.074365
0.295551
-0.146045
0.128989
0.471849
0.502697
-0.484182
0.006262
-0.393954
0.403238
-0.404725
0.234512
-0.584262
-0.172426
-0.414969
-0.238648
0.406091
0.733841
-0.123158
-0.815802
0.615675
0.167050
0.265366
-0.814408
0.109105
-0.275294
-0.460249
0.558494
0.469269
-0.653002
-0.259035
-0.361670
-0.198665
0.741639
0.043365
0.392851
-0.830105
0.597947
0.405010
0.191879
0.374141
0.293206
0.178502
0.336387
-0.048603
0.834867
-0.111715
0.042267
-0.753282
0.213620
-0.030733
-0.590873
-0.837818
0.011305
0.430631
-0.012381
-0.455767
0.723278
-0.853414
0.148881
-0.226360
-0.639762
0.191868
-0.635500
0.103039
-0.191141
0.659312
0.641372
0.638335
0.819080
0.532926
-0.800905
-0.096506
0.447840
-0.088476
-0.606278
0.266965
0.561389
0.743898
0.224974
0.035712
0.013305
0.315807
0.134821
0.301892
-0.282660
-0.037043
-0.518676
0.143098
0.568287
-0.005574
0.558643
-0.142150
0.236923
0.363180
-0.648704
-0.257399
0.120081
0.347127
-0.351291
0.623067
0.273196
0.365242
-0.221317
0.383019
0.054752
0.056080
-0.191772
0.031533
-0.309495
-0.132976
-0.072970
0.557035
0.569334
0.655590
0.665501
0.584624
0.525190
0.388310
0.802332
0.281366
0.536336
0.789422
-0.689382
-0.384595
-0.689456
0.027495
0.132546
0.038196
0.508394
-0.497179
-0.728021
-0.475031
-0.300372
-0.029185
0.409641
0.421618
0.051772
0.148969
-0.111420
0.077983
-0.265976
-0.227778
-0.005217
0.509642
0.374465
-0.494055
0.573207
0.842495
0.103164
0.573056
0.590199
-0.729564
-0.211075
-0.105246
0.763889
-0.258613
-0.636770
0.486958
0.791889
-0.351519
-0.756846
0.332379
-0.305118
0.592079
0.313855
-0.626314
-0.065315
0.849452
0.086408
0.165069
0.286275
0.256760
0.852875
-0.246983
0.799879
-0.426862
-0.356192
-0.707723
0.105264
0.627091
0.793012
0.378574
-0.003062
0.297721
-0.185443
-0.007549
-0.175664
0.046363
-0.636192
-0.453795
0.032635
-0.668311
0.550770
-0.352727
-0.234395
-0.714839
0.452433
-0.719505
0.052501
0.276969
-0.588011
0.030237
-0.193444
0.645035
0.565183
-0.413155
0.348271
-0.191680
0.039458
0.258251
-0.738488
-0.130227
-0.289186
0.003246
0.122460
-0.803596
0.247910
0.401967
-0.179480
-0.045702
0.781626
0.556552
0.592297
0.239391
0.696832
0.766607
-0.667545
-0.571244
0.728998
-0.303525
-0.000504
0.316967
0.069471
-0.153290
-0.239737
-0.219073
0.153567
-0.851819
-0.122738
-0.616169
0.036685
0.497892
0.763373
-0.727598
0.739774
0.371432
0.599256
0.465927
0.317584
0.813552
0.637525
0.444445
0.514202
-0.550383
-0.769039
-0.755545
0.301964
0.713759
-0.226073
0.219643
0.399768
0.407795
0.281139
0.656915
-0.691323
0.156574
-0.304043
-0.713653
-0.612964
0.809906
-0.683846
0.129911
-0.442099
0.450939
-0.081963
0.211988
-0.799390
-0.649235
0.261278
-0.610200
0.767294
0.414394
-0.450375
-0.136184
-0.449349
0.574700
-0.290251
-0.261997
0.672068
0.765616
0.041154
0.232618
-0.777162
-0.351924
-0.059363
0.604347
-0.072834
0.357888
-0.835265
0.550704
0.362015
0.810355
0.081440
-0.771905
-0.515454
0.604014
-0.841721
0.623150
0.607985
0.090606
0.064120
0.813389
-0.714084
-0.729374
0.389426
-0.647451
-0.404619
-0.760333
-0.333299
-0.364744
-0.056271
0.647718
0.829153
-0.663347
0.219369
0.341846
-0.344238
-0.209129
0.724261
0.285336
0.452723
0.107247
0.599753
-0.311222
0.255796
0.256208
0.341017
-0.327242
-0.158526
-0.121915
-0.466227
-0.193978
-0.822687
0.610768
-0.634606
-0.390492
-0.486169
-0.175696
0.454365
-0.001548
0.345188
0.525434
-0.310016
-0.020209
-0.003285
0.731570
-0.781948
-0.042942
0.482821
0.241538
-0.705738
0.020968
0.630942
-0.432320
-0.014618
-0.039058
-0.713012
-0.330298
-0.370626
0.007174
-0.003368
0.332916
-0.570550
0.559539
-0.261152
-0.537963
0.138170
-0.162898
0.584365
-0.448732
0.228647
0.378318
-0.024709
0.297397
-0.666819
0.669236
0.553098
-0.098485
0.213669
0.607901
0.547602
0.833452
0.456395
0.276802
-0.467807
-0.060033
-0.673927
0.365989
0.372445
-0.028899
0.158868
-0.211870
0.238190
-0.550190
-0.659541
-0.073333
-0.207677
-0.372729
-0.376909
-0.388964
-0.441064
-0.389209
-0.336502
0.381659
-0.168611
-0.830198
-0.576480
0.791986
0.171347
0.531267
-0.476991
-0.215847
-0.199913
0.393789
0.164598
-0.268669
-0.108938
0.101685
0.498150
0.819363
0.654863
-0.099219
0.804272
0.004203
-0.045672
0.257198
-0.302017
-0.252136
0.530017
-0.550396
0.064757
-0.337134
0.676150
0.329777
0.081352
-0.229569
0.720576
-0.384062
-0.627308
-0.203704
0.701978
-0.387217
-0.056839
0.802701
0.287320
-0.357657
0.703371
0.089008
0.652837
0.470917
0.742752
0.063794
0.102959
0.592186
0.151314
-0.711025
0.667622
-0.590105
0.051962
0.265024
0.444388
-0.090493
-0.585954
0.603214
0.129444
0.497939
-0.203781
-0.371893
0.183616
-0.840407
0.504040
0.227275
0.309263
-0.799069
0.138648
0.321920
0.047183
0.205437
-0.102713
0.030722
-0.491458
0.360070
-0.001339
0.467288
0.806506
0.850057
-0.336916
0.524420
0.168934
0.634538
-0.171328
0.432846
-0.015722
-0.183731
-0.331538
0.242162
0.716467
0.633805
-0.393815
-0.773595
0.494854
0.335102
0.668504
0.242038
0.531229
0.620595
-0.134341
-0.172031
-0.659475
-0.474720
0.478437
-0.040122
-0.695035
0.625718
-0.150639
-0.855538
0.287762
0.055286
0.099502
-0.170746
0.411906
-0.464165
-0.027010
-0.330043
0.297926
0.729849
-0.474147
-0.289470
0.750438
0.427778
0.285319
-0.316434
-0.278217
-0.459395
0.012893
0.740360
0.022911
-0.364195
0.674302
0.108653
-0.577731
0.549061
0.782821
0.610467
-0.613008
-0.197368
0.016924
-0.780760
-0.353983
0.734081
-0.294991
0.793592
-0.012589
0.197441
0.558651
0.780425
-0.538433
0.326543
0.581266
-0.579136
0.265200
0.824438
-0.092487
0.232931
-0.506955
0.850129
0.496862
-0.310373
-0.221449
-0.108885
0.369613
0.664403
-0.190836
-0.239921
-0.516734
0.666426
-0.067628
-0.339168
0.145550
-0.237051
-0.759466
0.291283
-0.800205
0.206808
-0.308900
-0.175269
-0.355572
-0.833202
0.084797
-0.005354
-0.116927
-0.076478
0.356176
-0.120933
0.255009
0.485969
0.137416
-0.362899
-0.698406
0.684897
0.174587
-0.358724
-0.227375
0.355841
-0.131631
-0.791457
-0.140801
0.023346
0.410198
-0.691258
0.567104
0.526532
-0.287239
-0.195699
0.163976
0.751878
-0.719658
0.553302
-0.511979
-0.026843
-0.757784
0.119659
0.401320
0.343374
0.357570
0.717039
0.290323
0.433007
-0.664085
-0.824831
-0.366575
0.514545
0.016446
-0.238909
0.550717
-0.590631
-0.024316
-0.056182
-0.006035
0.066287
0.068914
0.726566
-0.345762
0.833674
0.437005
-0.275670
-0.076896
0.309983
0.105916
0.231153
0.139854
0.234371
0.018160
-0.292102
-0.329220
0.030449
0.667700
-0.394702
0.180083
0.060858
0.812854
0.510523
0.319892
0.215237
-0.684524
-0.365531
-0.530261
-0.411425
-0.020140
-0.727419
0.108333
0.734024
-0.224085
0.647592
-0.642231
0.298777
-0.331932
-0.801079
-0.819032
0.529716
0.019007
-0.762209
-0.291428
-0.267247
0.291416
-0.063558
0.502049
0.254186
-0.587483
0.579797
-0.453532
0.668756
0.685055
0.720762
0.156157
0.462018
0.679030
-0.004997
0.381663
-0.294907
0.534821
-0.662900
-0.421909
-0.487303
0.112629
-0.292161
-0.210799
-0.393895
0.788195
0.547456
-0.237048
0.044552
0.288804
-0.620372
0.555322
-0.380557
-0.521607
-0.122167
0.083270
0.356436
-0.539095
-0.152882
-0.122585
-0.063619
0.241212
-0.744190
-0.497375
0.029427
-0.078134
0.309545
0.372868
-0.603612
-0.078437
-0.300528
0.582364
0.074672
0.825116
0.073711
-0.672919
0.032456
0.038790
0.115224
0.022472
-0.729000
-0.492104
0.599969
-0.266822
-0.506574
0.315759
-0.317426
-0.637208
0.844360
-0.073960
-0.058002
0.759171
0.477865
0.577777
0.358581
0.743216
0.580450
-0.011491
-0.855831
-0.277369
-0.155413
0.454620
-0.110301
-0.247643
-0.036990
-0.849316
-0.180372
-0.356650
-0.585106
-0.190412
-0.377938
0.391611
-0.065509
-0.459790
0.782977
0.420186
-0.836337
0.726627
-0.845172
0.362400
-0.434715
0.114864
0.760781
-0.636400
0.793640
0.119493
0.046598
-0.218309
0.449479
0.117225
0.170847
0.138913
-0.739391
-0.449209
0.593572
0.589176
0.594246
-0.487960
0.071527
0.282831
0.223219
0.068314
-0.063583
-0.162584
0.757025
-0.314607
-0.262985
0.353530
0.470635
0.169040
0.313424
-0.273367
0.640302
-0.080056
0.486432
-0.058304
0.497111
-0.172759
0.068283
0.455302
-0.514602
0.651481
0.450757
-0.560918
0.242193
-0.468721
0.162238
0.639781
0.634741
-0.605478
-0.390975
-0.842791
-0.098755
0.585884
0.249333
-0.198164
-0.065635
0.756299
0.388674
0.834257
-0.678381
0.635858
0.386559
-0.286144
-0.405182
-0.020647
0.195715
0.438733
0.252520
-0.291021
0.074963
0.840916
-0.527196
-0.036380
-0.039836
0.568608
-0.446054
0.736856
0.465160
-0.341719
-0.765022
0.334397
0.095924
-0.279470
0.154417
-0.854860
0.146622
0.783472
-0.496289
0.751966
0.598654
0.511511
-0.126153
-0.666954
0.104968
0.742709
-0.187783
0.806285
-0.733141
0.595061
0.583339
-0.593013
0.561609
-0.393908
-0.011665
-0.474453
-0.755429
0.205591
0.320311
-0.236858
0.677264
-0.337254
0.647160
0.244521
-0.820326
-0.376930
-0.043588
0.775265
-0.208931
-0.006926
-0.573701
-0.385978
-0.614246
0.804430
0.160502
0.693671
-0.737204
-0.534424
-0.302899
0.367527
0.531021
-0.241108
0.024617
-0.181499
-0.139334
-0.061266
0.336836
0.071998
-0.033489
-0.421842
0.555675
-0.552409
-0.733222
0.703552
-0.017770
0.187076
0.531083
-0.677785
-0.516655
0.336148
-0.065483
-0.505640
-0.136476
-0.138138
-0.490685
0.327825
-0.831486
-0.736980
0.047916
-0.566855
-0.856624
0.152613
-0.161936
0.834158
0.504345
-0.608118
0.166838
0.374683
-0.830315
0.667662
-0.258566
0.337885
-0.094964
-0.780734
0.050379
0.449297
-0.111321
0.282901
-0.456047
0.695767
0.442136
-0.473519
0.668937
0.058631
-0.618319
-0.512212
0.300545
-0.804652
-0.047701
0.057880
0.677633
0.380809
-0.025494
-0.031748
0.144204
-0.491171
0.033130
-0.186311
-0.105008
0.551616
0.423299
0.467575
-0.117644
-0.213749
0.283873
0.372710
-0.170790
-0.454465
-0.022901
0.057463
-0.379854
0.522867
0.161426
0.094415
0.535989
0.738050
-0.790499
-0.112419
-0.083377
-0.548396
-0.187128
0.581394
-0.323981
-0.851140
-0.803901
-0.205599
-0.253449
0.338021
0.663589
-0.487042
0.321417
-0.168720
0.339305
-0.454338
0.275753
-0.598953
0.652496
0.394088
0.392125
0.747368
0.547997
0.407045
0.571812
0.041898
0.029344
0.323239
-0.461199
-0.681347
-0.183242
-0.213313
0.231895
0.472135
0.463677
-0.201555
-0.630018
-0.802521
0.474760
0.282075
0.011303
0.286970
-0.676556
-0.652198
-0.565083
-0.664826
0.300671
0.657643
0.159192
0.237436
0.208066
-0.282398
-0.096077
-0.041624
0.031329
-0.511415
0.455397
-0.409041
0.314941
-0.804183
-0.288089
-0.213651
-0.597912
0.012144
0.201890
0.280146
-0.478390
-0.091943
0.840302
-0.011324
0.286824
0.053694
-0.615298
0.079186
-0.080177
0.107339
-0.557087
-0.313424
0.008928
-0.195714
-0.634395
-0.774362
0.071516
-0.060017
-0.564141
0.193221
-0.621177
-0.129397
0.411024
0.048703
0.117537
-0.272588
0.833273
-0.577502
0.128664
-0.221384
-0.693982
-0.595414
0.774191
0.259089
-0.473685
-0.219852
-0.094672
0.470477
-0.786787
-0.838383
-0.680214
-0.249179
-0.229058
-0.280147
-0.753572
0.557708
-0.378921
0.009155
0.395473
0.421325
0.843386
-0.387681
0.645928
0.643992
0.182124
-0.181233
-0.144098
-0.441268
0.617261
-0.187491
0.082064
0.122247
0.742035
0.469026
-0.674987
0.473620
-0.247242
-0.227185
-0.198848
-0.436414
0.660311
-0.085799
-0.290869
0.103935
0.468711
-0.292993
-0.390548
-0.797329
-0.796227
-0.168754
0.143724
-0.438435
0.243616
-0.288435
0.425772
0.038371
-0.012310
0.370344
0.238439
-0.028761
0.725777
-0.641430
0.162668
0.648739
-0.413933
-0.163459
-0.014908
0.366379
-0.248915
-0.542605
-0.096934
-0.786197
-0.246803
0.813069
-0.472760
0.330611
-0.183543
-0.351662
-0.531047
-0.847104
-0.585560
0.141650
0.136657
-0.274472
0.804594
-0.785583
0.571365
0.318678
0.749334
-0.440978
0.518978
-0.855836
-0.539753
-0.325013
-0.036403
0.386858
0.134944
-0.039154
-0.704201
0.118563
0.581944
-0.676673
0.480856
0.025781
-0.307056
-0.438387
0.033000
-0.603830
-0.493209
0.711972
-0.564170
0.157792
-0.851824
0.446513
-0.654549
0.490185
0.842415
0.827863
-0.656372
-0.295168
0.679338
-0.601101
0.749681
-0.209691
-0.583905
-0.248757
0.023711
0.608242
-0.710743
0.300745
-0.647386
-0.612665
0.044309
0.792038
-0.464650
-0.295332
0.614109
0.580067
0.834058
0.074661
-0.056100
-0.096426
-0.102451
0.581008
0.303985
0.766209
-0.174196
-0.421371
-0.116066
-0.042662
0.322999
0.265740
-0.779821
-0.497315
-0.030477
0.344047
0.025552
-0.636766
-0.042340
0.036015
-0.778965
-0.259181
-0.089057
0.341109
0.602592
-0.546423
-0.150577
-0.476997
-0.780792
-0.612765
0.616068
-0.128736
-0.133228
0.188565
-0.742797
0.227008
-0.139999
-0.188019
-0.634272
-0.703454
0.170386
-0.792806
-0.482527
0.062393
0.341347
0.545547
-0.191191
0.396936
-0.227557
0.308162
-0.103840
0.005698
-0.221052
0.049534
0.267573
0.599506
0.199333
0.181483
0.195904
-0.204156
0.332251
-0.014540
-0.198250
0.121082
-0.284354
-0.236532
-0.114550
-0.199355
-0.403160
-0.719846
0.106770
0.742084
0.210814
0.310344
-0.611428
-0.493424
-0.230270
-0.218020
-0.603808
-0.677341
-0.190313
-0.415237
-0.539580
-0.621020
-0.682153
0.003031
-0.422251
0.301747
-0.032304
0.790423
0.144984
-0.598395
0.155359
-0.357774
-0.022357
0.325140
0.560240
0.326244
0.242136
-0.190325
-0.117684
-0.375996
0.799729
-0.327051
-0.180541
0.015500
0.369738
-0.399795
0.715491
0.424566
-0.242836
0.411799
-0.109962
-0.144932
-0.236309
-0.470463
-0.783289
0.791379
0.018700
0.594346
-0.327106
-0.451084
-0.161672
0.580626
0.381663
-0.647260
-0.765237
0.332623
0.525868
-0.179815
-0.219087
0.383530
0.181989
-0.614471
0.725025
-0.411830
-0.148582
0.817448
-0.218713
0.752406
-0.379764
-0.562694
-0.712532
0.263037
-0.003425
0.295920
0.033952
-0.748735
0.306351
-0.818205
0.144102
-0.100591
0.400276
0.584506
0.759326
-0.683979
0.610653
-0.593949
-0.181813
-0.214999
0.163855
-0.036636
-0.549644
0.174768
0.782013
0.582705
-0.574084
-0.734774
-0.030964
0.812469
0.587424
-0.349498
-0.312192
-0.194984
0.572740
-0.048269
0.057192
-0.834032
0.777822
-0.070495
0.272169
0.426049
-0.029902
-0.066343
-0.530213
0.156960
0.283514
-0.075879
0.111473
0.459026
-0.231180
-0.139042
-0.404637
0.828078
-0.180799
-0.696474
-0.451707
-0.275983
-0.590854
0.751667
0.166406
0.009094
0.580698
-0.674509
0.323298
0.339929
-0.628013
-0.418791
-0.521519
0.682159
0.200460
-0.048203
0.144319
0.111932
-0.328952
0.428953
-0.595524
0.195019
0.639429
-0.422299
0.208698
0.324615
-0.081411
-0.598370
-0.614931
-0.540472
0.232587
-0.420105
-0.810862
-0.534961
0.449321
-0.377467
0.301119
-0.066322
-0.794544
0.682012
0.266122
-0.127028
-0.690354
-0.316722
-0.717695
0.385145
-0.560261
0.224411
0.411210
-0.240787
0.099716
-0.689575
-0.163031
0.430685
-0.175316
-0.649943
-0.200090
-0.597767
-0.138679
-0.088172
-0.269456
0.620046
-0.256529
0.004456
0.745903
0.845152
-0.360877
0.557034
0.327602
-0.077316
-0.633282
-0.086230
-0.486949
0.391098
0.724857
0.852171
-0.071481
0.063840
0.811799
0.125493
0.793002
-0.151152
-0.805610
-0.456084
-0.776942
-0.324306
-0.739949
-0.178876
0.036181
-0.501623
-0.767995
-0.711217
-0.475583
0.185535
-0.135260
0.002383
-0.020351
-0.266634
0.795268
-0.796468
0.229783
0.075308
0.242950
-0.400219
0.035564
0.745106
-0.062976
0.201845
0.130306
0.112827
0.024821
-0.274304
0.315370
0.526684
0.300666
-0.701659
-0.700085
-0.238685
-0.245657
0.470547
-0.101390
-0.655647
-0.826624
-0.032598
-0.229767
-0.724286
0.514923
-0.008869
-0.417875
0.665358
-0.589583
-0.605346
0.415911
0.591717
0.758288
-0.457335
0.017658
0.398314
-0.480368
0.822289
0.274331
-0.292593
-0.077226
-0.643375
-0.241358
-0.666190
-0.399188
0.694963
-0.758766
-0.449179
0.796330
-0.536590
0.478819
0.749783
-0.716402
-0.282606
-0.151895
0.106647
0.435359
0.494476
-0.538017
0.112257
-0.365564
0.231287
0.614328
-0.121509
-0.375701
-0.453950
0.844029
-0.372313
0.525269
0.199649
0.308128
0.386135
0.113362
-0.107199
-0.818242
0.432587
-0.365793
-0.477767
-0.468473
-0.117008
0.676995
0.448786
0.452335
-0.156260
-0.182454
-0.491016
-0.813544
0.406552
-0.847743
0.582423
0.080483
0.545081
0.280563
-0.127332
0.618396
-0.085803
0.635486
0.809844
0.099918
-0.564376
-0.677128
-0.830561
0.401562
-0.317244
0.561743
-0.004713
0.681523
-0.243858
-0.021510
-0.199383
0.466860
0.113040
-0.584868
0.054620
-0.396981
-0.813616
-0.510779
0.758507
0.005777
0.127626
-0.125094
0.166099
-0.303951
-0.483459
-0.113248
0.395216
-0.660702
-0.304950
-0.542812
0.016830
0.169099
-0.255002
-0.392675
0.256426
0.155818
-0.157606
-0.118078
-0.080268
0.091289
-0.201446
-0.032555
-0.040150
0.062763
0.167341
0.337927
-0.585655
-0.161714
0.113204
0.823158
-0.247477
0.632303
-0.404453
-0.499617
0.116087
-0.712862
0.607314
0.615588
0.235871
0.409582
0.654082
-0.335719
-0.134560
-0.805296
0.059548
0.204977
-0.010678
-0.260233
-0.134626
-0.178930
-0.593821
-0.161236
0.624886
-0.301940
-0.741882
0.686273
0.484664
0.011364
0.493480
0.656753
-0.250158
0.661661
-0.156712
0.750116
0.046033
0.836187
-0.537685
0.541692
0.658410
0.145966
0.245647
-0.820660
0.745444
0.716412
-0.272226
-0.573978
-0.368129
-0.139136
-0.376668
-0.326446
-0.125760
-0.790261
-0.536725
0.243255
-0.124433
-0.837936
0.282156
0.639197
-0.731841
-0.746858
-0.043831
-0.149620
-0.529078
0.211000
-0.321965
0.147065
-0.062927
-0.347463
-0.841710
0.390479
-0.033429
0.068532
-0.782101
0.600738
-0.493765
-0.713951
-0.185727
-0.320439
0.334512
-0.420032
-0.065785
-0.527626
0.803800
-0.319426
-0.235498
0.256573
0.526643
-0.152007
-0.380983
-0.385497
-0.561450
0.487610
-0.844455
0.512683
0.064087
-0.354923
-0.451762
-0.499348
-0.007376
0.810226
-0.318150
0.618971
-0.566768
0.056925
-0.052514
-0.384971
0.625807
0.286593
0.149030
-0.596779
0.346423
-0.640868
-0.506811
-0.738032
0.081983
-0.507027
0.577044
-0.594630
-0.808114
0.048807
-0.360026
0.385921
0.820541
0.457991
0.582677
-0.246351
-0.428912
0.482545
0.504301
0.366311
0.376473
0.027453
-0.045157
-0.262779
-0.023049
-0.135114
-0.631403
0.619645
0.372409
-0.597690
0.629104
0.073976
0.332874
-0.755480
-0.052735
0.477707
0.206942
-0.127563
-0.616473
-0.269201
0.429128
0.705319
-0.709502
-0.718013
0.118469
0.014597
-0.019242
-0.408479
0.518249
-0.098448
0.374945
-0.254859
0.354900
-0.293636
0.666782
0.175880
-0.363703
-0.111631
0.212901
0.119751
0.167295
0.467224
-0.674583
0.491347
0.669657
0.752060
0.691840
-0.755817
0.853385
-0.826826
-0.033439
0.138768
-0.799801
0.314232
-0.016091
-0.030505
-0.318544
-0.037164
-0.236877
-0.624479
-0.231301
0.411054
0.094919
-0.000832
0.435875
-0.206952
0.663910
0.810649
-0.591495
0.362238
-0.679229
-0.110973
0.174400
0.065605
0.683220
-0.726690
-0.595298
-0.034311
0.022249
-0.772858
0.231217
0.184832
-0.176544
-0.581651
0.499401
0.396814
0.339972
-0.308050
0.830981
-0.012370
0.266391
0.349567
0.520067
0.540708
-0.331434
0.583511
-0.592939
-0.747129
-0.261446
-0.825621
-0.279291
-0.526377
0.532238
0.510802
-0.424774
-0.782023
-0.080324
-0.789795
-0.670335
0.718130
0.801479
-0.265404
0.569513
0.449410
-0.041769
-0.498685
0.580442
0.237126
0.524662
-0.282938
-0.068340
0.207835
0.377562
0.840945
0.165627
-0.763958
-0.163775
-0.173929
-0.633707
-0.641895
0.117936
0.791256
-0.401893
-0.284691
-0.111058
0.270060
0.585908
-0.493331
-0.627951
-0.497175
-0.157107
-0.019351
-0.772465
-0.558690
0.314080
0.642691
-0.028882
0.574383
-0.533735
0.586192
-0.151303
-0.075811
-0.265217
-0.516226
-0.290976
0.744700
0.176166
-0.840530
0.821005
0.313435
0.004117
0.775341
-0.560272
-0.388238
-0.695499
-0.816886
-0.013218
-0.282779
-0.050314
0.104652
0.699518
-0.388985
-0.787791
-0.441823
0.242414
-0.222036
-0.104754
-0.502206
0.828748
-0.593130
-0.265334
-0.614818
0.334181
-0.722849
-0.127741
-0.680973
-0.579445
0.499905
0.699115
0.204940
0.492105
0.245340
0.367416
-0.416826
-0.779425
0.568008
0.130276
0.603449
-0.212789
0.775396
-0.015878
-0.443099
-0.217166
0.519605
0.404953
-0.690196
-0.680204
0.202411
-0.659582
0.020500
-0.419030
0.572151
0.280465
0.649814
0.133388
-0.462628
0.848339
-0.462155
-0.677340
-0.777891
0.460345
-0.266582
-0.153777
0.553963
0.398814
-0.138981
0.825173
0.494766
0.353641
-0.271966
0.429264
0.673557
0.737655
0.267253
0.201517
-0.374045
-0.213156
0.105093
-0.416352
0.102486
-0.237328
-0.103990
0.114912
0.746938
0.532298
0.718847
0.255972
-0.297844
-0.255242
0.037365
0.267841
-0.690152
0.191636
0.018568
0.395309
-0.495068
0.131085
-0.610955
-0.404465
0.844779
-0.661417
-0.857334
0.733036
-0.271156
-0.763751
0.103512
0.771895
0.626608
-0.476988
0.299076
-0.443913
-0.065556
-0.308765
-0.382187
-0.267654
-0.110379
-0.272569
0.350898
-0.814251
-0.651280
-0.138012
-0.164818
-0.765898
0.588811
0.281134
0.478717
0.680576
-0.312387
-0.335584
-0.636698
-0.787221
0.015827
-0.015657
-0.426969
0.352598
-0.512656
0.791049
-0.619107
-0.609694
-0.592438
0.513642
-0.294170
0.358873
0.265682
-0.520437
0.131942
-0.413629
-0.593769
0.725514
0.333271
0.316964
0.235247
-0.777591
0.748739
0.735841
-0.438635
0.322130
0.207776
0.358433
-0.224073
-0.423721
-0.162865
0.554820
-0.102803
-0.338567
-0.426086
-0.662960
-0.280086
-0.048596
-0.517465
0.428579
-0.383577
-0.542405
0.402410
0.002185
0.848798
-0.500320
-0.256757
-0.131877
-0.735780
0.575037
-0.809158
-0.164941
-0.312101
0.411186
0.038597
-0.169777
-0.708852
-0.253205
-0.547551
0.441864
0.056460
0.360422
-0.351083
0.444929
-0.746411
-0.247381
0.245551
0.273180
0.066600
-0.772329
0.041733
0.747780
-0.101290
0.321670
-0.443564
-0.465750
-0.821929
-0.224294
-0.077261
-0.597134
-0.192082
-0.037744
0.017165
0.269165
0.558516
0.098312
-0.153477
-0.577255
-0.677148
0.550056
0.723700
0.380406
-0.784562
0.404272
-0.602622
0.283093
0.265202
0.098821
-0.365770
-0.395602
-0.718652
-0.290195
-0.690799
0.634390
-0.321916
-0.285255
0.395175
0.744767
0.079047
0.759104
0.691326
-0.060523
0.020650
0.405582
-0.441473
-0.307951
-0.046762
-0.069556
0.124307
0.165396
-0.453566
-0.536733
-0.185961
-0.736590
-0.045685
0.137829
-0.118586
-0.622103
0.414404
0.475867
-0.153608
0.013929
0.701485
0.134052
0.228652
0.126207
0.140233
-0.263728
-0.147105
0.733205
-0.494074
0.256265
0.504697
0.693829
0.224380
0.450957
0.383436
-0.727264
-0.616892
0.087862
-0.098142
0.717888
-0.594777
0.487718
-0.175194
0.080922
-0.453595
0.472205
-0.254092
0.148531
0.685194
0.165882
-0.606646
-0.287061
0.458104
-0.456142
-0.415888
0.462991
-0.572660
-0.211319
0.042060
0.010433
0.332656
0.543557
-0.248191
-0.447080
0.592895
-0.608204
-0.688975
0.828479
0.051691
-0.290856
-0.656503
0.051791
0.293703
-0.210412
0.748084
0.161088
-0.203643
0.601132
0.354879
-0.448171
0.120852
-0.255423
0.273884
0.395463
-0.395532
-0.142249
0.165516
-0.001260
0.417070
-0.196805
-0.028300
0.407398
0.123686
0.649226
0.630710
0.429535
0.399487
-0.214280
-0.504361
0.448521
-0.233309
-0.356765
0.437736
-0.442471
-0.279560
-0.549947
-0.330348
0.552622
0.079360
0.203989
-0.634379
0.605031
0.285750
0.372487
-0.736015
0.418634
0.235201
0.050970
0.408638
0.312498
0.384591
0.575312
-0.707950
0.172303
-0.036882
-0.408247
0.020417
-0.260099
0.496229
0.009745
-0.577139
-0.247125
-0.338573
0.833246
-0.413535
0.244491
-0.621216
-0.545190
-0.411066
0.521358
-0.617031
0.797862
-0.659416
-0.590776
-0.334777
0.555230
0.020168
0.397535
0.766715
-0.328541
0.729518
-0.755981
-0.768350
-0.230290
0.448398
-0.555157
0.197207
-0.782858
-0.231384
-0.462120
0.392168
0.366550
0.545665
-0.110683
0.538412
0.021629
0.306265
-0.678720
-0.393743
-0.627178
-0.295076
0.184648
-0.260010
0.448362
-0.459408
-0.347025
0.823778
-0.325557
0.710839
-0.197975
0.005608
-0.338781
-0.556528
-0.640174
0.038500
0.560573
0.146543
-0.009386
-0.099068
-0.761871
-0.684433
-0.699590
0.657684
-0.155671
0.453023
-0.208233
-0.241359
-0.137356
0.806988
0.652074
-0.847972
-0.514405
-0.647237
-0.664554
-0.737516
0.499778
-0.380835
-0.412316
-0.282098
-0.740567
-0.240930
0.021349
-0.762215
0.614675
0.273273
-0.853952
0.040658
0.202920
-0.061962
-0.464156
-0.794425
0.732823
0.225562
0.280709
0.179258
-0.005218
-0.518710
0.236135
0.400334
-0.109416
-0.405443
-0.595784
-0.442992
-0.565458
0.664104
0.264975
0.263229
-0.352154
-0.502861
-0.089767
-0.347467
-0.074478
-0.646811
-0.796507
0.127839
0.204381
0.804819
-0.118653
-0.433652
0.426001
-0.765902
0.413059
-0.145758
0.556035
-0.308166
-0.073255
0.458454
0.323891
-0.302486
-0.668830
-0.287477
0.581722
-0.850751
0.432746
0.257563
-0.431013
-0.026006
-0.354562
-0.627061
-0.341403
0.440484
0.415648
0.473437
-0.536622
0.473563
0.428797
-0.341997
-0.088684
0.531115
-0.735064
0.725875
-0.744292
-0.008134
-0.382610
-0.151914
0.286271
0.151275
0.218068
0.306538
0.244998
-0.245072
0.538353
-0.600209
0.238532
-0.628848
0.336400
-0.511773
-0.099721
0.116771
-0.173354
0.494729
-0.041388
-0.063990
0.366179
-0.079094
-0.084205
0.752006
-0.449698
-0.277736
0.607994
0.836460
0.106610
0.568613
0.134794
-0.828104
-0.458462
0.763196
-0.638652
0.680666
-0.320456
-0.345312
0.738232
0.599075
0.744145
0.803882
-0.655981
-0.028666
-0.442826
0.336073
-0.130493
-0.361414
0.420242
0.256404
0.504645
0.361896
-0.839627
-0.430369
-0.428675
0.328448
0.007719
0.474523
-0.293184
0.287579
-0.170565
0.463228
0.310983
0.329993
-0.650591
-0.796961
-0.759352
-0.100907
0.847203
0.232953
0.599726
0.519376
-0.060304
0.136906
0.362134
-0.720078
-0.813495
-0.283350
0.703857
0.298301
-0.823036
-0.525198
0.205402
0.259852
-0.332379
-0.623230
0.339961
0.281523
-0.424032
0.265327
0.357921
0.758475
-0.664419
-0.076650
0.630380
0.090360
0.454457
0.643215
-0.294820
0.137182
-0.704634
-0.743060
-0.558636
0.368178
0.059246
0.031189
0.263630
0.060135
-0.121374
0.476596
-0.266449
-0.434889
0.030958
0.850096
0.147955
-0.725714
-0.369440
-0.166388
-0.680058
0.790245
0.734459
-0.397009
0.050488
-0.828857
-0.108565
0.621247
-0.095370
0.721118
0.498735
-0.122471
-0.425531
0.559662
-0.077318
0.750045
-0.718297
0.463805
-0.684163
-0.082112
0.153348
0.037556
0.214312
-0.169213
0.153081
0.120388
-0.498995
-0.111280
-0.183120
-0.453688
-0.214437
0.103219
-0.523347
-0.565383
-0.296624
-0.471480
-0.397965
0.308220
0.684539
-0.093859
0.509896
0.437301
0.479454
0.045820
0.740025
0.428786
0.252641
0.512709
0.731480
0.524368
-0.729499
0.085840
-0.079122
0.374853
-0.119873
0.344384
0.126327
-0.754391
0.394248
0.046701
-0.240410
-0.857676
-0.668691
-0.799017
0.259383
-0.386238
0.054721
-0.475963
-0.361969
0.645973
0.733943
0.796662
0.772111
0.486331
-0.173579
0.795307
-0.203313
-0.534643
-0.673866
0.105018
0.003592
0.376535
0.255493
0.766045
-0.605645
-0.356774
-0.049193
-0.233490
0.225169
-0.460865
-0.478559
0.389051
0.218259
-0.142962
0.362969
0.677846
-0.502607
-0.195223
-0.556944
-0.530400
-0.679710
0.309911
-0.225533
-0.270913
-0.708656
-0.694387
0.387886
0.325780
0.401538
0.710091
0.635427
0.674529
-0.755934
-0.462643
-0.702219
-0.632097
0.140139
-0.591854
-0.803292
-0.234479
-0.293890
-0.413148
0.606766
0.600078
-0.314645
0.315099
-0.124976
0.512854
0.779940
0.712545
-0.301931
0.360995
0.719539
-0.702780
-0.798183
-0.184845
0.048206
0.385969
0.487658
-0.014783
-0.285258
0.655062
0.457481
-0.293893
0.403254
0.289347
0.480993
0.019979
-0.554509
0.287210
0.361479
-0.330629
-0.432287
0.585030
0.853992
0.247840
-0.497135
0.848058
-0.120475
-0.267309
0.412718
0.339664
-0.520024
0.744645
-0.375080
0.726836
-0.848482
-0.019843
-0.178735
0.717902
-0.521787
-0.225674
-0.830523
-0.500879
0.758876
0.059285
0.690344
-0.720244
-0.790657
0.493310
-0.133578
-0.605254
-0.111084
0.211805
0.598105
0.720277
-0.789966
-0.841117
0.322064
0.174987
-0.730049
0.019212
0.133083
-0.475061
0.474168
-0.839934
-0.164050
-0.101193
0.408069
0.138032
0.166920
-0.102269
0.195210
-0.644679
-0.278453
0.348404
0.437587
-0.823310
-0.323200
-0.404869
-0.387064
0.310092
0.546919
0.182342
0.433809
0.710275
-0.770854
-0.289296
0.781247
0.697697
-0.084680
0.047827
0.452974
-0.549822
-0.266718
-0.307265
0.575717
0.086079
-0.245914
-0.175082
-0.853147
-0.794703
0.776190
0.703361
0.586782
0.513213
-0.574489
0.108943
0.430357
-0.194820
-0.359626
0.228168
0.132822
-0.185893
-0.686550
0.563230
0.389870
0.762437
0.129918
-0.191266
-0.589039
-0.457258
-0.816049
-0.811448
0.785278
-0.533767
0.101592
0.692644
0.388203
-0.365152
0.499634
0.128753
-0.447487
0.545208
-0.056300
0.833747
-0.599263
0.509357
-0.499044
0.261984
0.378410
-0.699508
0.066321
-0.349963
0.267275
0.646588
-0.121823
0.351221
0.389928
-0.437291
-0.114123
-0.278910
-0.008460
-0.301438
-0.220214
-0.534776
0.024762
-0.502896
0.791850
0.202493
-0.804883
-0.835500
-0.791641
0.608906
0.073306
0.520997
0.825389
0.507300
0.327674
0.494723
-0.132724
-0.591715
-0.255063
-0.242222
-0.071400
0.465092
-0.122924
-0.070224
0.072311
0.087535
0.480315
-0.175231
0.025519
-0.291057
-0.516475
0.290607
-0.192530
0.248892
0.701337
0.328094
-0.289997
-0.223499
-0.182514
-0.256980
0.226901
0.478748
0.648698
-0.349828
0.126116
-0.219784
0.086312
0.711237
-0.686504
-0.071920
-0.472009
0.100439
-0.566834
-0.619415
-0.546900
-0.212180
0.137246
0.741065
0.501264
0.159518
-0.202771
0.024512
-0.814218
0.370347
-0.100755
-0.851628
-0.809388
0.170629
0.622876
0.297993
0.572096
0.327152
-0.125734
0.143627
-0.718751
0.444577
-0.214241
-0.300169
-0.048092
-0.368960
0.169152
-0.258079
0.068995
0.726516
0.127077
0.749067
-0.710579
0.238148
-0.485291
-0.713828
0.341016
-0.154097
0.050235
0.616471
-0.585622
-0.222687
0.162292
-0.746992
0.125326
-0.231934
0.278762
0.273457
-0.052427
0.328930
0.326868
-0.171024
-0.763248
0.070776
-0.467274
0.498106
-0.691100
0.680732
-0.249302
-0.393308
0.173990
0.251478
-0.014571
-0.755674
-0.048215
-0.123838
-0.441432
-0.229016
-0.235512
-0.012713
0.174270
-0.324751
-0.422932
-0.753297
0.577992
0.316170
0.080969
-0.330617
-0.186199
-0.033830
-0.722039
-0.720322
-0.557876
0.786788
-0.385889
-0.586487
0.143169
0.298657
-0.627834
-0.097542
0.060497
0.314497
-0.528388
-0.457932
-0.800620
-0.775397
-0.713893
0.232817
-0.014118
0.335821
0.079995
0.320992
0.296803
-0.502570
0.016505
-0.699417
-0.020608
-0.185545
0.330238
-0.506462
0.007992
0.388152
-0.248447
0.173055
-0.672784
-0.801669
0.095074
0.402659
-0.191549
0.172573
-0.724258
-0.847045
-0.138567
-0.513483
-0.210586
-0.776521
0.462330
-0.774803
-0.331190
-0.564265
0.335193
-0.696377
0.696438
-0.358414
-0.087179
-0.055950
-0.469908
-0.713096
-0.548312
-0.575135
-0.602239
0.194242
0.087671
0.536027
-0.056065
-0.169052
0.851566
0.279533
0.590963
-0.374337
-0.275873
-0.620811
0.107498
0.592155
-0.809539
0.245023
-0.433170
-0.427592
-0.722419
-0.689646
0.157454
-0.002400
-0.594454
0.433293
-0.856625
-0.333536
-0.508147
-0.486898
0.582967
0.583655
-0.239112
0.031488
-0.602103
0.402861
0.554017
0.677937
0.515904
0.106706
0.810321
-0.151855
0.770172
-0.574723
-0.187311
0.806002
0.581511
-0.190884
-0.794400
-0.194011
0.673073
-0.119296
0.504931
-0.658433
-0.259174
-0.395786
-0.402837
0.833957
0.258082
0.223660
-0.554388
0.403664
-0.046548
-0.235138
0.262261
-0.210078
-0.108740
0.239728
-0.479972
-0.054153
0.531544
-0.058128
-0.707184
0.359747
0.601074
-0.809902
0.252348
0.626185
0.476333
0.811277
-0.163514
0.620472
-0.447875
0.265175
0.001569
-0.589646
-0.216829
0.843498
-0.104663
0.034541
0.029276
0.318668
-0.325133
-0.137291
-0.219728
0.379276
-0.550380
-0.258077
0.073735
-0.158595
-0.029612
-0.027642
-0.209449
0.190013
-0.378133
0.268714
-0.190831
-0.072170
0.023579
-0.376851
0.592709
-0.569940
0.105940
0.386713
0.762204
-0.804278
0.688834
0.672715
0.192274
0.777676
0.145775
0.164652
-0.308868
0.332153
0.531402
-0.535685
-0.316338
0.373065
0.261489
-0.391551
0.639146
-0.636345
-0.823088
-0.806650
0.612306
-0.095512
-0.309450
0.065672
0.043205
0.620271
0.462219
-0.136304
-0.375003
-0.819262
-0.312533
0.228639
0.283185
-0.398171
0.842760
-0.722556
-0.509855
-0.718979
0.587029
-0.294619
-0.781784
-0.306040
0.284900
-0.036328
0.258441
-0.072873
-0.498571
0.462490
0.219163
-0.069207
-0.070602
-0.236328
-0.470105
0.042379
0.728011
-0.697314
0.410138
-0.448431
0.507417
-0.821232
-0.439269
-0.175879
0.404488
0.168153
-0.843578
0.856969
0.075950
-0.645381
-0.632235
0.584112
-0.468865
-0.686362
0.019980
0.530982
0.356209
-0.247848
-0.001322
0.353865
-0.543030
-0.014062
-0.653708
0.653295
0.259791
-0.162699
-0.168430
-0.676991
-0.611991
-0.381198
-0.508315
0.520856
0.614434
0.059294
0.799737
0.265185
-0.757721
-0.693302
-0.782784
-0.015048
0.120018
0.195654
-0.192633
0.261340
0.769131
0.843435
0.193026
-0.365805
0.399850
0.581256
-0.524892
-0.244888
0.217349
-0.798581
0.101181
0.455940
0.429705
-0.514401
-0.350494
0.328555
-0.145388
0.490179
0.191129
-0.148648
-0.151699
0.101699
-0.353959
0.628576
-0.188504
0.010780
0.231130
-0.465117
-0.412297
-0.821905
0.812999
-0.588043
0.114532
-0.440397
-0.058634
-0.544842
-0.565905
0.428352
-0.569116
0.306804
-0.417316
0.161017
-0.074121
0.158678
-0.123848
-0.007421
0.439807
-0.239096
-0.501888
-0.756644
0.616834
0.109058
-0.077765
0.649557
0.162068
-0.553849
-0.823517
0.332249
0.088885
-0.125925
-0.153631
-0.338463
0.280980
-0.709367
0.035473
-0.509296
0.491530
0.134257
0.007338
-0.348074
0.198251
0.618798
0.443615
-0.034622
0.175069
-0.412771
0.289725
0.434839
-0.821067
0.122414
-0.560857
0.331509
0.533081
0.245618
0.064935
-0.727380
0.274742
-0.468030
0.588196
-0.267271
0.830548
-0.648598
0.167957
0.194094
0.321750
-0.179869
-0.828098
-0.212759
-0.010700
0.158176
0.581602
0.441243
-0.465490
-0.101446
-0.379642
-0.102968
0.674663
-0.511150
0.389569
0.607051
0.175093
0.657450
-0.559901
0.026081
0.056096
-0.526624
0.051840
-0.796124
0.337775
0.246598
0.609514
-0.485571
0.193059
0.825606
0.412138
0.367126
0.561320
-0.675562
0.135931
0.749906
0.068700
-0.744984
0.453796
0.705568
-0.594348
0.680770
-0.312815
0.086482
-0.488105
0.259934
0.292939
-0.569057
-0.576787
-0.092235
0.141345
-0.376845
-0.463522
-0.006476
0.490604
-0.856920
-0.064510
-0.378720
-0.536502
-0.664970
-0.112744
-0.245555
-0.794328
-0.370286
0.621283
0.336155
0.479571
-0.285727
0.780534
-0.302262
-0.709942
0.241151
-0.230137
0.750784
0.249481
-0.184459
0.741952
0.020920
0.781316
0.463167
-0.238459
-0.650553
0.239501
0.382538
0.759553
0.277099
-0.176920
-0.755983
0.095234
0.404656
-0.260186
-0.475230
0.686205
0.196472
-0.421145
-0.593939
-0.717478
0.182619
0.769441
0.487379
0.178038
-0.766827
0.241044
-0.692255
-0.348174
-0.529933
0.486298
0.553235
0.761289
-0.346970
-0.357854
0.585140
0.357790
0.410186
-0.540637
-0.397691
-0.830173
0.683509
-0.162207
-0.428187
0.739789
-0.261008
0.417666
0.668389
0.294805
-0.790763
-0.676526
-0.653534
0.777613
-0.186753
0.329752
0.654078
-0.608061
-0.568063
0.045448
-0.850160
-0.423514
-0.789135
-0.473209
-0.014275
-0.098657
-0.190683
0.024187
-0.815567
-0.362721
-0.334205
-0.584947
-0.416130
0.450750
-0.369649
0.628601
-0.383445
0.200695
-0.655654
-0.501972
0.458610
0.440709
0.231218
-0.114732
-0.480882
-0.328266
-0.534991
0.053661
0.726506
0.411321
-0.249685
0.488780
0.203442
-0.372735
-0.040682
-0.476280
0.207642
-0.797458
0.369750
0.489527
-0.766494
0.418218
-0.640866
-0.422634
0.135770
0.781507
-0.499630
0.457450
-0.306483
-0.201738
-0.085127
0.347913
-0.116624
0.643792
-0.208937
-0.423581
-0.342445
-0.646082
-0.640204
-0.300950
0.200560
0.101613
0.094813
-0.562490
-0.567410
0.428878
0.047474
0.034097
0.201404
-0.364744
0.518030
-0.341797
0.827545
-0.552627
0.404503
-0.006545
-0.526599
-0.789079
0.812979
0.058721
0.313744
-0.144950
0.755224
0.478517
0.766358
-0.451433
0.656505
-0.525097
-0.060169
0.145449
0.080395
-0.758302
-0.396524
0.755612
-0.014776
-0.352712
-0.453460
0.610253
0.753425
-0.432527
-0.557416
0.492516
0.702920
-0.240432
-0.187695
-0.265592
-0.414839
0.477125
-0.414500
-0.035641
-0.714313
-0.599406
-0.789822
0.417154
-0.314789
0.663386
-0.185591
0.159645
-0.130391
-0.223303
-0.790471
-0.833364
0.379895
-0.184970
0.489784
-0.511212
0.346516
-0.509464
0.404499
-0.567468
0.192155
-0.524293
0.292385
0.514446
-0.680298
0.521151
-0.721830
0.214982
-0.778350
-0.447396
0.449108
-0.128931
0.279888
0.570103
0.452742
0.148299
0.408812
-0.405009
-0.425914
0.799569
0.644008
0.388691
0.347018
-0.390390
0.361097
0.083048
0.479446
0.234882
0.691013
-0.517034
-0.378739
0.204641
0.748398
-0.215218
-0.130864
0.527462
0.375610
-0.249968
-0.819135
0.365880
-0.245961
-0.034031
0.464484
-0.177653
0.462830
-0.470275
0.542429
-0.049432
0.182896
-0.452169
-0.459093
0.088655
0.474822
0.162682
0.798080
-0.375626
-0.793286
-0.088801
0.514757
-0.143613
0.363489
-0.277450
0.172928
0.542585
0.246397
-0.404290
-0.471530
-0.203489
-0.505667
0.069233
0.549677
0.823111
-0.585699
-0.536514
0.241951
0.330681
0.118257
0.420803
-0.733663
-0.094365
0.642662
-0.772222
0.490150
